0.18555275 1.0514575 0.9775516 1.0515059 1.0032115
0.1588515 0.05445731 0.04609297 0.050890498 0.05954715
0.08714136 0.050842114 0.0344331 0.03317602 0.04836452
0.10128927 0.036938474 0.01830718 0.015578344 0.04907821
0.08759383 0.10407321 0.11347931 0.08274317 0.09367236
0.059499007 0.038362727 0.047268216 0.035197485 0.046479564
0.101758026 0.06288013 0.08599335 0.054125033 0.10508167
0.07560418 0.051618345 0.042846467 0.04174323 0.04336811
0.11053371 0.019005056 0.018905025 0.016293827 0.028385451
0.054327928 0.009752788 0.027998019 0.022787107 0.016482454
0.068282776 0.005745884 0.0049920753 0.011003144 0.018838456
0.12394101 0.088274576 0.039977342 0.040055666 0.07490666
0.06916233 0.017072735 0.016312955 0.01596998 0.0252751
0.060299683 0.02463564 0.01025252 0.012426514 0.029765802
0.03968118 0.01952069 0.018648122 0.016900463 0.021805
0.040973805 0.047328748 0.035346065 0.04052107 0.032723807
0.04335232 0.00935258 0.010186531 0.011753527 0.017538387
0.04276098 0.010912195 0.011847526 0.01343878 0.01276695
0.04041703 0.008399585 0.006459683 0.009466259 0.010014636
0.0397494 0.07004216 0.062573895 0.06273961 0.053662773
0.057280015 0.015135609 0.012814244 0.014533671 0.025257584
0.08837644 0.03553373 0.037202574 0.045011945 0.051158894
0.047992546 0.04526649 0.03566667 0.06341187 0.05623188
0.04398842 0.02975566 0.025090916 0.021854803 0.027563445
0.047955245 0.009537363 0.012965811 0.014625188 0.024732854
0.051260203 0.014815206 0.006896455 0.015376106 0.011504914
0.045929376 0.055234928 0.04649652 0.041480325 0.04279331
0.12166998 0.046933983 0.041187145 0.032331828 0.04786065
0.03243607 0.010124855 0.0109836515 0.012211056 0.014663562
0.023430474 0.016868422 0.01749647 0.018454606 0.021126052
0.024464358 0.009003941 0.0055581965 0.0051906332 0.0068598315
0.022633465 0.013943868 0.010388875 0.015983073 0.009850001
0.04755736 0.02676194 0.019809475 0.024448764 0.032676302
0.044912077 0.046426624 0.042802095 0.048432413 0.055300657
0.061138082 0.017733956 0.016557852 0.024614498 0.021815011
0.053884376 0.028777944 0.024460647 0.0175072 0.02718827
0.02311329 0.029719431 0.024850877 0.026588213 0.027920209
0.02340475 0.032497115 0.02407277 0.022015318 0.017068973
0.022725962 0.025658052 0.026832545 0.027827676 0.033121467
0.02168634 0.032013785 0.031039666 0.022187887 0.021692967
0.019549526 0.012380512 0.014111381 0.009881226 0.014929447
0.040350635 0.019324793 0.021616649 0.016000852 0.017181871
0.09229307 0.008787109 0.006719336 0.010952748 0.025456583
0.030060578 0.013725895 0.011352075 0.011748312 0.015785716
0.025122827 0.028394967 0.032817528 0.032795195 0.03804322
0.022225723 0.047450475 0.03908897 0.040287495 0.049391817
0.03083484 0.011326015 0.011330167 0.0066350624 0.014976975
0.032678876 0.034411557 0.031067308 0.035114866 0.03890705
0.04471304 0.0061997306 0.006863203 0.017255895 0.017637555
0.038934905 0.00917759 0.009264942 0.019883763 0.0132093895
0.031975925 0.008356793 0.008157032 0.011993511 0.009605909
0.030267682 0.0150085185 0.0254553 0.023645595 0.022221388
0.03489674 0.0057950728 0.0045615304 0.005639609 0.008796724
0.019784652 0.015331918 0.010463368 0.013060957 0.010251213
0.028142061 0.012860011 0.012061628 0.018849852 0.016799938
0.03251056 0.014257889 0.011225218 0.01208006 0.029430602
0.07958973 0.009102037 0.007684855 0.0092461575 0.017568225
0.07573197 0.0315358 0.0155242905 0.034147892 0.03526641
0.105778806 0.00718249 0.008716218 0.007621415 0.016836531
0.08593283 0.014860418 0.015524685 0.018172497 0.02811837
0.039990522 0.010495791 0.006907331 0.012057517 0.02353891
0.056443166 0.017792214 0.0095348675 0.013940863 0.019488357
0.13984272 0.006286809 0.008690825 0.008951519 0.03591043
0.048423596 0.018202519 0.010235826 0.012748616 0.0349875
0.023832936 0.009981034 0.010306081 0.011018185 0.0145608755
0.023634974 0.008326717 0.013632489 0.010165913 0.019626841
0.031840794 0.025662936 0.02235698 0.030092154 0.025034988
0.026915409 0.024641503 0.016424973 0.018571068 0.018220052
0.03197107 0.0040933844 0.0048168376 0.0073762797 0.0026119053
0.020730404 0.013011206 0.022460066 0.014475679 0.011597961
0.017684149 0.0075806864 0.007092545 0.00626445 0.010909498
0.03380528 0.003926441 0.0044622384 0.005096603 0.0042751133
0.022527952 0.005451968 0.004677644 0.0070140474 0.007907461
0.029689463 0.008134082 0.013039866 0.015610026 0.01453444
0.026669724 0.0075830836 0.013833111 0.015029993 0.014329569
0.020419441 0.0072988234 0.009339623 0.009900518 0.011044178
0.020118184 0.009627812 0.0026904643 0.00592139 0.006533522
0.016837828 0.022844976 0.031307913 0.025407145 0.027983123
0.021950342 0.012542229 0.013478462 0.012406845 0.014249809
0.016110435 0.004075527 0.0028705336 0.0040629264 0.009879934
0.022080496 0.012890767 0.018215057 0.01338407 0.026454229
0.019834077 0.005539989 0.005574234 0.010509927 0.0065935943
0.017724039 0.010151637 0.0058716238 0.0071817692 0.008102901
0.024344772 0.028102279 0.016929952 0.026481293 0.038111556
0.032353897 0.0043234453 0.0061948486 0.0093651 0.008228369
0.013248358 0.072421856 0.060564157 0.068297155 0.0674511
0.031048365 0.043532655 0.044675067 0.033210967 0.030158024
0.024186634 0.010202283 0.0052719824 0.006755352 0.012468364
0.014873111 0.0072033536 0.0059394874 0.013019333 0.009365285
0.02796902 0.005557861 0.005924765 0.0061609764 0.007621171
0.01617979 0.010136329 0.013751421 0.017762847 0.013184924
0.02218077 0.005746998 0.0048467778 0.010557452 0.014707414
0.023132341 0.040304568 0.025030069 0.0445253 0.04428919
0.036430802 0.0028491206 0.0039085634 0.0037035123 0.0042180493
0.03196515 0.009321507 0.008161098 0.007023575 0.012056991
0.021090668 0.008574314 0.0067035295 0.0074048713 0.00953557
0.02522651 0.013146751 0.0091259815 0.017627914 0.012867758
0.036519278 0.007107854 0.008586716 0.008908644 0.0064517334
0.037383355 0.05062423 0.04840259 0.057262197 0.04402652
0.027285364 0.038427602 0.028258314 0.025658004 0.027103182
0.034360018 0.010172037 0.0077207685 0.009868793 0.010352584
0.017775794 0.0154579 0.008548148 0.015557639 0.01153497
0.022721216 0.023462674 0.028804446 0.022522712 0.022292838
0.035330642 0.011181517 0.010357469 0.0061255638 0.008197559
0.023312597 0.012801338 0.011339735 0.011697998 0.012497626
0.026761206 0.013730391 0.014255105 0.0054483116 0.006046582
0.026073644 0.0046362057 0.005004693 0.005105965 0.006979082
0.030179068 0.04237272 0.024537854 0.03693069 0.04940916
0.021440947 0.0172991 0.021857534 0.01933844 0.025440127
0.014994804 0.010864668 0.006968554 0.009820923 0.008695114
0.027107676 0.007066317 0.004184507 0.0040421896 0.012225669
0.03331888 0.018072465 0.010564119 0.010216981 0.015460921
0.034311052 0.009773314 0.0035446547 0.0070934184 0.007894691
0.017488565 0.006976906 0.008030225 0.008374987 0.009124909
0.027244853 0.02215424 0.025365243 0.018954005 0.021104243
0.028654156 0.0038292743 0.004938662 0.003687054 0.006460674
0.03579269 0.0053141452 0.010322142 0.007953212 0.006103225
0.037796833 0.0072478577 0.0030598007 0.0054178014 0.0048330296
0.028498273 0.006475061 0.0071505215 0.0128618665 0.014247995
0.02397513 0.011583438 0.0109701995 0.0148391705 0.010553848
0.02710251 0.010459151 0.010458251 0.017225035 0.00957795
0.03152692 0.0111562535 0.004155468 0.010418 0.0069321617
0.021668395 0.008902548 0.01169228 0.016564604 0.009649398
0.017124102 0.012545515 0.007857062 0.010114877 0.008492865
0.03565501 0.019417634 0.019270118 0.014798833 0.031128505
0.017733334 0.009482486 0.0042218417 0.0046322625 0.004541481
0.029699972 0.0108193215 0.00872848 0.009068204 0.010340994
0.030911034 0.011698233 0.012088606 0.01355169 0.012649212
0.02568229 0.005884178 0.006177377 0.00564231 0.010584295
0.028507661 0.009694699 0.005414419 0.009391934 0.005089693
0.025480859 0.01117183 0.0094949445 0.012405967 0.011562474
0.03581397 0.010378566 0.005183004 0.019948673 0.012401959
0.032370877 0.008152761 0.008825446 0.008179227 0.016898636
0.022515839 0.02091911 0.0131731 0.012452535 0.01577887
0.0137862135 0.0043433513 0.005697813 0.006703319 0.005154753
0.023238493 0.026987283 0.02314487 0.031622354 0.015568402
0.025819944 0.0045363773 0.0047325436 0.0074670017 0.0060040317
0.02816851 0.014524307 0.009143343 0.013757147 0.009139128
0.025152128 0.0065695196 0.0072776303 0.02095627 0.011056144
0.018180523 0.0118457675 0.0071298815 0.004528025 0.009738609
0.03171068 0.003956422 0.0022969954 0.0022134595 0.0038868971
0.02790944 0.024942245 0.020170057 0.010305816 0.017939348
0.024840765 0.011798853 0.0081628505 0.016700292 0.00994407
0.036253244 0.0054868516 0.005822163 0.009405075 0.004046168
0.035039943 0.0037555546 0.0045552384 0.0044512115 0.012354337
0.042910792 0.005067792 0.008285683 0.017121859 0.0070417114
0.027213123 0.012195913 0.019182414 0.016062925 0.019709323
0.023634179 0.013785025 0.0110511985 0.012355434 0.016677245
0.034105897 0.012435397 0.015809517 0.018439036 0.01439863
0.029509112 0.008639447 0.004796099 0.007789271 0.009538485
0.028595222 0.002539996 0.0014412403 0.0023866333 0.0038211904
0.022822663 0.0075807683 0.01026829 0.008698542 0.008231318
0.028446607 0.0022900328 0.0037337542 0.0032604225 0.0051662885
0.024726298 0.0047193132 0.009365067 0.008240929 0.008213203
0.023024915 0.006424701 0.0045001544 0.009920143 0.0033929795
0.03730652 0.016136147 0.016114052 0.0153369885 0.020351492
0.034338724 0.01010707 0.0054367706 0.005731089 0.0045918114
0.034368396 0.011884602 0.0055683777 0.005290743 0.008691851
0.02407215 0.02300806 0.031695776 0.028764933 0.026026413
0.023375839 0.0026448108 0.0057353657 0.0043870844 0.004447302
0.031352144 0.0018943176 0.0050586686 0.004141655 0.011549547
0.022853248 0.01031124 0.01126131 0.008824274 0.014589723
0.028431017 0.010925608 0.011313707 0.016289514 0.0118974075
0.029921189 0.019240513 0.00440054 0.0068128034 0.008511076
0.025030352 0.0031455383 0.0024961177 0.0023032054 0.003051158
0.0231284 0.017372232 0.005724175 0.006312469 0.00991862
0.023205092 0.0061812997 0.010375168 0.010114137 0.006850291
0.028545734 0.005189687 0.005171757 0.0049334876 0.011246176
0.026928337 0.013706278 0.008973412 0.010872904 0.015321295
0.016061287 0.0027292483 0.0025672242 0.0037235357 0.0051461644
0.02677983 0.0047164336 0.005383428 0.00659205 0.011223437
0.03421663 0.005988816 0.0037631765 0.007640343 0.0029718801
0.024710592 0.021082573 0.020256806 0.02264338 0.0198896
0.034832258 0.002403427 0.0022978932 0.0039499775 0.004916668
0.031075953 0.004954543 0.00524348 0.0047123656 0.0073125903
0.02853969 0.018511955 0.012609564 0.014944395 0.011497833
0.037631705 0.0064628255 0.023355521 0.022226928 0.016701031
0.017188342 0.007823156 0.00832564 0.008828942 0.008525826
0.023448868 0.005205009 0.005541645 0.0053719804 0.0050791204
0.022462199 0.009935586 0.006369455 0.014196334 0.011957655
0.024301328 0.004791841 0.004558135 0.0060317256 0.008393848
0.037528053 0.0023364834 0.0023380779 0.0037482418 0.0075585544
0.034926027 0.00461071 0.004252773 0.0041889288 0.0045464598
0.025421064 0.007957399 0.008536905 0.007853044 0.011571823
0.031046074 0.0020143874 0.0020946823 0.0028942078 0.009587618
0.022667421 0.013769031 0.0051798094 0.021160983 0.005186893
0.031921647 0.005768692 0.0056310594 0.008534338 0.018184673
0.022873675 0.006763749 0.006238928 0.0059458986 0.014984867
0.022689175 0.0032782778 0.0025969334 0.0030587986 0.003504403
0.024671666 0.010257918 0.008310735 0.00988123 0.011932347
0.026790889 0.013542278 0.008166321 0.008636316 0.017243683
0.020017564 0.004119646 0.0039924905 0.004643647 0.0067660194
0.021336427 0.0015793331 0.0013861172 0.0020971894 0.0034668967
0.0291294 0.0018874891 0.0015694275 0.0036090557 0.0035498831
0.01624873 0.0023711212 0.0018900968 0.004003696 0.0033916421
0.02848811 0.007266218 0.006789215 0.008236958 0.013920445
0.025638012 0.0034915134 0.0032980032 0.0037877932 0.0065151546
0.03587137 0.009929491 0.01530163 0.017392397 0.01575412
0.030454999 0.008457702 0.006242212 0.012047851 0.008478772
0.033502057 0.003427457 0.004062157 0.004508652 0.0025964044
0.01900859 0.016760584 0.003829874 0.0060962737 0.01156492
0.029018067 0.00983038 0.012284737 0.012559919 0.009090841
0.037122928 0.040207516 0.016080623 0.033585854 0.018695068
0.023226548 0.0037512742 0.0022562817 0.0035673007 0.002912417
0.029924164 0.013043718 0.0097915605 0.013919521 0.015211716
0.02607464 0.004637949 0.00358646 0.0058049187 0.009211928
0.031626076 0.017993437 0.016657436 0.013128433 0.011896614
0.03646999 0.0058045946 0.0060981736 0.006396398 0.009802785
0.024001298 0.009084588 0.008005045 0.011502091 0.0065661073
0.020375237 0.0024928935 0.0029407889 0.0025446862 0.0045973547
0.01829325 0.007424364 0.005367793 0.005932234 0.0074609295
0.031536065 0.00923403 0.0069026817 0.00420044 0.011456288
0.02603701 0.0123472195 0.011797773 0.010924295 0.011370519
0.035546493 0.005456466 0.004653979 0.007860376 0.0067189857
0.025212744 0.008066259 0.0063269343 0.010141103 0.0035792738
0.030868435 0.008824889 0.003758397 0.0062633716 0.0064738393
0.015979413 0.0050783716 0.008492194 0.0061456542 0.008908927
0.03179073 0.021405054 0.02885846 0.023729406 0.030113805
0.028952733 0.0022820123 0.0061061196 0.0029052086 0.003561549
0.025300981 0.0064983033 0.0032174587 0.012824757 0.0056982692
0.036130656 0.003363222 0.00506779 0.0045688543 0.0033269394
0.030044712 0.0044400543 0.00469416 0.003551755 0.010324797
0.026510019 0.0046166293 0.005487388 0.0053093173 0.0073402077
0.017668795 0.028858535 0.016693141 0.020774905 0.03606023
0.03315754 0.0046901293 0.004542876 0.004710149 0.0077800862
0.018331157 0.009092569 0.0070029013 0.0140223075 0.010305449
0.023754617 0.008144934 0.015845556 0.013828427 0.015207306
0.034570936 0.0040500127 0.007101476 0.009140957 0.003510993
0.028829675 0.0033606812 0.0026089214 0.004964916 0.0026133917
0.021577414 0.0048193336 0.0031544305 0.0048365835 0.007177001
0.025174374 0.0080145355 0.0033300072 0.0043290146 0.007649161
0.018315997 0.008328365 0.010771755 0.013210239 0.008114338
0.035969708 0.003306754 0.00831328 0.008742224 0.004852399
0.028095566 0.008717684 0.007186966 0.01372789 0.0067978688
0.027218442 0.0065412465 0.0044712424 0.0059780534 0.004824195
0.025585532 0.010600507 0.012217579 0.04149235 0.01164867
0.025817176 0.009448836 0.0047465432 0.0051867366 0.0053408872
0.031584676 0.010680459 0.018533 0.020692691 0.014029307
0.02762278 0.014889814 0.005296979 0.022477137 0.011790682
0.017882127 0.005505301 0.0076589547 0.011169272 0.0040512234
0.021305509 0.006396873 0.00504243 0.009109834 0.0058544762
0.026895806 0.01495936 0.012251109 0.015168715 0.016210515
0.025646707 0.0051016808 0.005377818 0.0046297815 0.004502153
0.023393692 0.019755507 0.0061001256 0.009488869 0.01155667
0.03668323 0.0077039115 0.005756337 0.007316597 0.0072643925
0.023949573 0.002962619 0.0022128113 0.0029744767 0.003181029
0.025319627 0.0061445944 0.005498333 0.004309943 0.004098717
0.029319137 0.0043658614 0.0027793236 0.0040268414 0.0063832626
0.027833454 0.0029057898 0.0019560829 0.006391283 0.0023203157
0.017255863 0.020617902 0.020295031 0.022336384 0.021631371
0.020562066 0.0065997764 0.0034316853 0.0045756884 0.005952675
0.015280718 0.003271658 0.0046847835 0.004364509 0.00500717
0.036317907 0.0038249753 0.0040254295 0.009178892 0.004007945
0.043292295 0.0087722335 0.0072391406 0.0071839355 0.008460447
0.022729585 0.002951447 0.003030885 0.010700125 0.0064335577
0.026415937 0.011849228 0.015228193 0.025582919 0.0071089417
0.018428257 0.0049923733 0.008723635 0.017836625 0.005921822
0.04060557 0.006622784 0.0039162263 0.0062110797 0.0040672906
0.023394966 0.0041362233 0.003446009 0.006784549 0.0045744665
0.02191356 0.0056455024 0.0061829705 0.0075329803 0.0071894675
0.029179458 0.006451376 0.0070369504 0.0058863517 0.009421788
0.027520908 0.0033642165 0.0028028786 0.0049325097 0.002195038
0.030830823 0.0062258784 0.008553643 0.0032969117 0.005314395
0.031022418 0.07052515 0.05239557 0.06440124 0.061579887
0.034011368 0.012668446 0.0062266365 0.009674165 0.0068138056
0.025914822 0.001930546 0.0040180236 0.0049389247 0.0057725087
0.027394881 0.0028261207 0.0054935683 0.0037217736 0.0043628886
0.025629388 0.0040317476 0.0035084598 0.0041506663 0.0072718896
0.03115159 0.015245384 0.01132014 0.014570981 0.011272809
0.01621692 0.011887297 0.013846897 0.012184713 0.009439047
0.022412268 0.005284466 0.0028125457 0.004438311 0.004088007
0.026477354 0.009219166 0.006667655 0.006207496 0.0054226704
0.038927283 0.014904527 0.014196107 0.023184726 0.011460133
0.021719096 0.008451927 0.0074541047 0.0075135194 0.012104217
0.029315721 0.0028367266 0.002437804 0.0044597127 0.00646941
0.029999068 0.0037695207 0.004900161 0.004229054 0.0051522143
0.03207978 0.0043853223 0.003821319 0.0042073 0.0045238677
0.01678136 0.0033674166 0.0022890978 0.003789341 0.0043880306
0.020177092 0.0062842835 0.0049038045 0.0085212905 0.0062317755
0.027344588 0.004853245 0.006855093 0.007635845 0.0066522975
0.025086889 0.0068470836 0.0056380443 0.012174163 0.0066444
0.031554494 0.012743048 0.008807009 0.00997295 0.014149971
0.023637412 0.0060041286 0.0042729937 0.004983593 0.0037687048
0.02929801 0.010037066 0.015901508 0.021058423 0.011998447
0.029269906 0.0116225 0.011570957 0.019011686 0.014172073
0.02687127 0.0151127875 0.0080998 0.005522173 0.012528371
0.029303681 0.010483639 0.007229075 0.007987745 0.007938499
0.022997187 0.003816586 0.0024613887 0.001846943 0.004501179
0.027069107 0.014410565 0.0135349855 0.017321803 0.018095836
0.024115413 0.0042913146 0.0038647838 0.006266184 0.0068128407
0.014451571 0.0018832907 0.001165241 0.0046787784 0.0015962198
0.027095357 0.008504257 0.0049489997 0.011376867 0.0079477355
0.027956069 0.0038539805 0.003199447 0.0061794687 0.004493326
0.022423694 0.011954337 0.012866914 0.012267642 0.013886632
0.0135427965 0.002553936 0.0020281672 0.0029654354 0.0022665523
0.014748893 0.003160499 0.0025945306 0.0054030046 0.0026914608
0.017953334 0.008814059 0.010935087 0.010056341 0.010228854
0.027212497 0.024852172 0.0146142095 0.018275524 0.018024452
0.022172429 0.019012671 0.012529204 0.010220408 0.016972223
0.021884693 0.003544651 0.0063888207 0.008338075 0.003296122
0.014165623 0.0123264175 0.009493843 0.009603037 0.023496766
0.031081472 0.045581035 0.032110035 0.033681154 0.036666658
0.032375 0.0051452164 0.004554197 0.0060703102 0.005032584
0.029152947 0.013823431 0.004973512 0.0059168898 0.0062515177
0.0108955735 0.0028825402 0.0031745695 0.0060787424 0.0052265227
0.021869693 0.025322743 0.026612913 0.025182541 0.032658625
0.03959502 0.008517144 0.010040751 0.016395722 0.007921252
0.018930053 0.010648951 0.008481232 0.0074828863 0.018303748
0.030280307 0.0053424872 0.0048510805 0.0049679577 0.0029014088
0.022691341 0.009916328 0.010086259 0.008866979 0.011368386
0.02812169 0.004147833 0.002078712 0.0011752062 0.0027932972
0.018609786 0.0054485016 0.003814716 0.009261113 0.004085224
0.027833274 0.0020071454 0.0034653787 0.0048560333 0.0052937157
0.03200291 0.003193304 0.0028130375 0.0054982267 0.0034734346
0.021549253 0.0023814999 0.0023274012 0.0059425496 0.0024707504
0.015980586 0.04320216 0.032173757 0.034238264 0.03303534
0.02023581 0.013857955 0.010024888 0.010791212 0.010288417
0.01774434 0.007869825 0.004614953 0.0076845177 0.0067953207
0.024734518 0.003358908 0.003144782 0.004335601 0.0035208985
0.018454866 0.003862489 0.0050026625 0.0066871196 0.0030803792
0.023461444 0.003769476 0.0024849921 0.002730418 0.0038019866
0.026172794 0.009414865 0.017131317 0.012536367 0.01227108
0.024766317 0.004840294 0.0045757852 0.0055763535 0.00802011
0.025324851 0.008508133 0.007741822 0.010350369 0.009184625
0.024504073 0.01161761 0.007644972 0.017804168 0.013696564
0.023667222 0.004261721 0.0030173473 0.0025943704 0.0042458326
0.02297564 0.0076370984 0.0121654235 0.008326031 0.012537811
0.018346395 0.0020538531 0.0055061337 0.007659426 0.006855555
0.015007559 0.005917199 0.014649773 0.012386978 0.011146139
0.02076624 0.010835251 0.0019728318 0.0037632734 0.0044338405
0.025237244 0.0058713183 0.0076601356 0.005941514 0.007151354
0.028922707 0.002603121 0.00436309 0.007166665 0.0050222725
0.034807038 0.010289583 0.010107636 0.028302407 0.015447069
0.04553241 0.034937773 0.017616864 0.036364805 0.053878244
0.020961799 0.0035331063 0.0033081472 0.0056007616 0.011612285
0.021087829 0.0016283579 0.001635585 0.008157983 0.00367539
0.032302342 0.0049797073 0.003701467 0.0060189776 0.004713524
0.032554943 0.012280881 0.0066592265 0.015449543 0.0075792
0.032090656 0.01145073 0.018785648 0.010779791 0.0172262
0.03125612 0.0035252497 0.002393838 0.0021290258 0.0035688356
0.01957583 0.0022981167 0.009177089 0.009650042 0.003066823
0.026448138 0.0036692657 0.004665723 0.0059811994 0.003290128
0.023998642 0.002188757 0.0041991547 0.009205794 0.0033047833
0.020620095 0.0036293454 0.0054479074 0.00454396 0.0046961103
0.029506702 0.005085742 0.0052688494 0.015375823 0.00811822
0.02452557 0.006823942 0.0080576055 0.0044877008 0.010711014
0.04170264 0.0054351296 0.0029805265 0.0061269775 0.0053905677
0.02044009 0.0053513963 0.002915144 0.013038751 0.0040835477
0.028500183 0.0037315115 0.0033347197 0.008218944 0.0040265024
0.021452436 0.0044591688 0.005019093 0.0040345415 0.0073993914
0.015566401 0.0032696687 0.0034672841 0.007922525 0.0033273064
0.024246871 0.0086931735 0.004424464 0.010615218 0.008086015
0.023677666 0.002129864 0.0035982616 0.0026526004 0.0032302514
0.018868947 0.004056845 0.006377626 0.0081016105 0.009208247
0.02548197 0.007323228 0.0059738345 0.009876324 0.009263495
0.022632344 0.0068441518 0.0076021515 0.005462233 0.0071230754
0.023733743 0.0044901744 0.0041217543 0.0062184185 0.0075439773
0.027888753 0.005873561 0.005845867 0.008049199 0.009878699
0.026742853 0.0073393323 0.003434144 0.017863752 0.0059867203
0.028474472 0.0030472726 0.0024742372 0.005734058 0.0033264682
0.03271713 0.013276687 0.008912044 0.009651065 0.018792473
0.0265618 0.0059566647 0.00817683 0.009069033 0.008323258
0.040751994 0.006924754 0.0066142976 0.008211145 0.005118143
0.02752077 0.0056090057 0.004981486 0.006805936 0.006815657
0.02182041 0.008781118 0.0129552595 0.009056335 0.017247466
0.025967758 0.0036732778 0.0041546337 0.0066391807 0.006596064
0.021172319 0.001726646 0.002759181 0.006422177 0.0028463453
0.028857779 0.00961937 0.006306533 0.0075966753 0.014417019
0.018886715 0.011649413 0.015883274 0.013474753 0.0101187285
0.0256388 0.0029800907 0.002567131 0.001914937 0.0030505583
0.02074979 0.0023551881 0.0024656132 0.003270071 0.00549246
0.020925058 0.0036876537 0.002397269 0.0032794364 0.0057055075
0.030219555 0.006243672 0.006341882 0.004819501 0.005577471
0.03494519 0.008312289 0.012956303 0.009808494 0.011967352
0.01956041 0.0021722913 0.0026026107 0.0020791367 0.0027089156
0.021583358 0.0028344914 0.0023084283 0.003740523 0.0048031174
0.025682887 0.008830465 0.006572729 0.0071934555 0.007147353
0.04012615 0.016035946 0.0073694736 0.009889293 0.008100709
0.019024843 0.0022415891 0.0031929165 0.0037594847 0.0028388165
0.016655719 0.0021635555 0.002807524 0.006180266 0.0059251897
0.021073885 0.019569421 0.014365124 0.01814052 0.023456056
0.021041393 0.02392343 0.014181448 0.012386724 0.03217366
0.021343678 0.008398274 0.0057149064 0.014878541 0.00951165
0.03170274 0.03211262 0.017489066 0.038425975 0.028310394
0.023175588 0.002265945 0.0019942708 0.001867447 0.0037263818
0.015407507 0.0025605485 0.0019936971 0.0021289736 0.007287519
0.030075751 0.0030273423 0.0030711517 0.0043007433 0.0038903207
0.039908424 0.0030758753 0.0020340309 0.0043403767 0.0033673085
0.036702193 0.0048052 0.008434115 0.0046578143 0.0050722286
0.034484647 0.011472598 0.0056370776 0.0073971804 0.0060914718
0.02141954 0.002325844 0.0038983598 0.0061607603 0.003009893
0.0287466 0.004798457 0.0014062263 0.0063135102 0.006204715
0.034750417 0.0038391724 0.0027022846 0.004797185 0.006610278
0.019542927 0.0032449514 0.0020835474 0.0034307651 0.0053603165
0.030704211 0.014411515 0.006572442 0.0076256804 0.017216913
0.03606304 0.0029988214 0.0038537756 0.0050925687 0.0078207385
0.05877775 0.0050638765 0.013515566 0.013311256 0.019024577
0.039217457 0.009209227 0.010192564 0.0036271885 0.020779643
0.024657078 0.003441859 0.0040944777 0.004570935 0.0066282228
0.019817015 0.0065391026 0.005891841 0.005057741 0.0091645755
0.02396477 0.0040079467 0.0027258247 0.003236398 0.0054833665
0.023809213 0.011528255 0.004422225 0.004685592 0.0103247855
0.026701089 0.030419568 0.033760753 0.031773724 0.05046366
0.015795916 0.031918548 0.03399954 0.036295358 0.031260233
0.018557388 0.0047349334 0.0019560829 0.007849874 0.002942115
0.029138453 0.0035591107 0.0043684486 0.0029064268 0.007100109
0.04750586 0.006074559 0.009071114 0.0097723175 0.012026034
0.032989383 0.00597734 0.008778321 0.00913908 0.0050151423
0.034987792 0.004898336 0.0023347214 0.008150304 0.005829498
0.026844773 0.010752669 0.0057345275 0.015172787 0.006916037
0.020785945 0.0050710887 0.008334188 0.0066531114 0.007890027
0.03420325 0.002477616 0.0024023466 0.0061405934 0.0056427084
0.02584111 0.008138284 0.010877773 0.008859992 0.008748982
0.03453967 0.0015329979 0.0015798323 0.0039080195 0.0035232827
0.016617132 0.0057440735 0.0037288107 0.0065353736 0.01220431
0.0367221 0.0027679466 0.0027307943 0.009267494 0.004097201
0.038134508 0.002278097 0.0016902462 0.004772987 0.0025147684
0.026008697 0.005126085 0.00419857 0.0045094267 0.006306216
0.026221639 0.0039197356 0.004790075 0.0019600578 0.0038729385
0.024307577 0.0022851676 0.0022306144 0.0059452355 0.0020924471
0.020898663 0.0028156042 0.0018553995 0.0023828112 0.0029654521
0.035476215 0.007421313 0.0056558065 0.008607825 0.018560642
0.033906072 0.021936502 0.018530734 0.020762485 0.04387983
0.024429984 0.0028780736 0.0040065125 0.0038827322 0.0043311752
0.015965695 0.0061169937 0.0070800297 0.0065230466 0.0069849864
0.027434142 0.010612214 0.0068748873 0.006416347 0.0051646642
0.017735183 0.0033024251 0.0039057694 0.002068393 0.0024863854
0.029818695 0.004994411 0.0027327724 0.0021546632 0.0038208924
0.017691113 0.007013507 0.009269163 0.012026235 0.008798152
0.025129734 0.009687412 0.0106080435 0.010197306 0.007869255
0.026227571 0.00924062 0.016303407 0.012077635 0.008921485
0.023609601 0.0035393722 0.002601482 0.0033843555 0.0057492666
0.011693168 0.0056578796 0.005898891 0.0067577064 0.0066937245
0.017904423 0.0021503493 0.003976267 0.0026292503 0.0029532984
0.032251045 0.006564915 0.015989993 0.010809425 0.01711657
0.032038376 0.0044412836 0.0046428293 0.005422082 0.0028884336
0.030689577 0.0059476905 0.004274033 0.0023103207 0.00833476
0.026657492 0.013487488 0.023388186 0.040754486 0.0049701296
0.052707653 0.0027648862 0.004393341 0.0042819045 0.0033017695
0.02042096 0.009374879 0.005418107 0.0078760125 0.0142848585
0.037459828 0.009070748 0.010850668 0.022091242 0.011569928
0.02240842 0.0076714624 0.002920296 0.0048290677 0.006354887
0.014495291 0.0074550025 0.0117423255 0.008835172 0.010790171
0.023984423 0.0029077828 0.0042881034 0.0069033876 0.007272728
0.019491928 0.005808713 0.003717117 0.004992483 0.008925447
0.025153454 0.007051911 0.011138681 0.008215455 0.011095265
0.043278288 0.004402753 0.0061315764 0.007078979 0.0102666095
0.021995462 0.0106798 0.009410106 0.009240946 0.024626879
0.02408741 0.0025052875 0.0023925193 0.0027728342 0.0030992664
0.014485691 0.0014620163 0.0018497109 0.0024928413 0.0025887266
0.01182342 0.0034011155 0.0043541417 0.002521962 0.006071493
0.026232654 0.0032241307 0.0063364767 0.00807872 0.0065905396
0.02199317 0.0104185715 0.008933634 0.00940042 0.015131433
0.025859945 0.006161263 0.0035561547 0.007303886 0.008054884
0.016002484 0.010660954 0.0034097545 0.0087220445 0.011617053
0.019087546 0.010125615 0.017516268 0.011202391 0.015925229
0.028723799 0.002122607 0.0028916858 0.0028255172 0.0047454517
0.027529826 0.009083033 0.0056715384 0.010647558 0.008996073
0.026364136 0.0075910576 0.016051654 0.03642875 0.0056742374
0.019497778 0.0036945865 0.005058298 0.004999304 0.0036134198
0.03392221 0.0157658 0.009192226 0.012119858 0.013529655
0.03914419 0.0029781722 0.0021504946 0.002151791 0.0038587004
0.027773377 0.0033230856 0.003835801 0.0038124472 0.002272632
0.028903777 0.0036600772 0.0026526786 0.004811099 0.0045535173
0.026627054 0.0023009814 0.0040748864 0.0025133193 0.0060278475
0.024256539 0.0089291185 0.004926171 0.010384437 0.008504458
0.029637992 0.0048362836 0.0028070882 0.010224918 0.006535575
0.030060032 0.0051687136 0.0047214665 0.011366585 0.00360604
0.021483734 0.008880109 0.0057288036 0.007162221 0.0055507235
0.025425399 0.013362203 0.011305872 0.012523485 0.01747182
