0.4294731 1.1294359 1.1212808 1.1170685 1.1410898 1.1263629 1.0916501
0.6302429 0.07822959 0.11896467 0.09037589 0.065578476 0.0537271 0.0840408
0.27172694 0.03571179 0.08085882 0.0442307 0.0839395 0.05626952 0.0585999
0.28253546 0.04813863 0.052861426 0.030734448 0.047983095 0.03556575 0.020519799
0.30281287 0.02574119 0.058716495 0.013133092 0.014223482 0.0053237975 0.009359088
0.15058501 0.06305339 0.06510474 0.039196104 0.06857926 0.046856087 0.07230139
0.3410665 0.020296508 0.05281563 0.037198227 0.01836633 0.02136283 0.03095928
0.25101477 0.055420384 0.10367522 0.052678164 0.04985958 0.053262487 0.06093869
0.44904605 0.081624106 0.1445834 0.06259369 0.095672354 0.07135306 0.103351444
0.2604217 0.033991974 0.069405794 0.018139552 0.01633089 0.019454481 0.03779249
0.31933293 0.027300816 0.05609952 0.01204833 0.022297278 0.013532748 0.01996921
0.5354794 0.0685029 0.09479188 0.061381586 0.07754239 0.054385174 0.06467877
0.4823908 0.051664464 0.09948837 0.037801158 0.051616907 0.053796075 0.045219563
0.20732313 0.07376991 0.14015177 0.078738384 0.08167149 0.07611199 0.07496855
0.25347775 0.0044141 0.036445998 0.0031175725 0.013147553 0.0043595806 0.0129512735
0.24310517 0.062236477 0.0693026 0.077227965 0.05823211 0.053585783 0.063847505
0.29365435 0.015660992 0.03685 0.029198743 0.0325348 0.015176706 0.028825665
0.27758136 0.039088648 0.049398646 0.026290422 0.028659768 0.019080607 0.020626454
0.5162551 0.042860497 0.13081491 0.040330764 0.03855038 0.0672627 0.04639345
0.3423512 0.04589528 0.12306003 0.031772844 0.017998083 0.041272692 0.05282709
0.15565145 0.009208482 0.01819772 0.005644381 0.008493431 0.0060712807 0.016620329
0.2352929 0.032580428 0.07482214 0.02582933 0.03669043 0.02539923 0.043580815
0.49870703 0.010422822 0.04290651 0.013177201 0.016356682 0.0070175882 0.029536754
0.1785068 0.037678905 0.05868448 0.034005493 0.033783607 0.03624294 0.03498152
0.15067711 0.03666458 0.05905516 0.041311204 0.04985955 0.042246073 0.03656614
0.18849406 0.008762788 0.0327158 0.0063649006 0.011379208 0.00978867 0.0124845095
0.24772005 0.020971335 0.027010843 0.008631136 0.035234123 0.010429999 0.021093568
0.26777104 0.05308735 0.060193148 0.03817892 0.04986787 0.025387775 0.03890169
0.29611441 0.05156598 0.058208205 0.03484818 0.030372806 0.03336639 0.035989117
0.3009544 0.05056981 0.07987229 0.042396322 0.056402527 0.04996695 0.09766757
0.2551959 0.049813975 0.06400145 0.029696552 0.030227983 0.044503618 0.049439646
0.1509619 0.015703171 0.05029309 0.021284457 0.027680852 0.018620536 0.0122953635
0.21895738 0.020199662 0.05084576 0.027673567 0.029575171 0.026060386 0.027645927
0.27925837 0.08572899 0.20389163 0.09619528 0.082090154 0.101093024 0.09518869
0.24641491 0.01270229 0.045359332 0.010314694 0.0150108365 0.013311019 0.03260147
0.3009201 0.037251092 0.033354964 0.023083765 0.02396298 0.028681694 0.032784857
0.4214733 0.014087632 0.05203239 0.010102907 0.013116373 0.019768955 0.027125278
0.36126915 0.01384918 0.041635714 0.010459506 0.0059630238 0.020751601 0.023726113
0.2547095 0.009523345 0.043187365 0.0033168718 0.0047109537 0.002943717 0.011050917
0.21646033 0.038669374 0.0439593 0.025200851 0.026049538 0.027291538 0.050863944
0.42149708 0.03698636 0.08024278 0.0431939 0.026438903 0.033832587 0.04171414
0.1358422 0.036491495 0.04702122 0.040885776 0.03441287 0.034351874 0.03132118
0.16249624 0.019326478 0.024049368 0.011910746 0.021467108 0.018216157 0.022617018
0.13631462 0.01831749 0.024375785 0.009706505 0.0167175 0.010311244 0.013573334
0.22430801 0.07034213 0.13613176 0.08364907 0.062617764 0.0821309 0.037163764
0.30841988 0.004990369 0.04763364 0.003754994 0.005907135 0.0045792256 0.021864628
0.11906252 0.019456655 0.01973509 0.018014561 0.017785918 0.014758557 0.02042058
0.16777976 0.05214701 0.054839917 0.03523121 0.03810363 0.020577917 0.057514142
0.10772258 0.045771204 0.05753549 0.036998287 0.037129782 0.041412033 0.05366154
0.27509427 0.015753398 0.037380777 0.0109738875 0.012257092 0.014429424 0.025798079
0.09593588 0.026506009 0.047622044 0.028060354 0.026590742 0.015920892 0.02502368
0.13042496 0.048748903 0.056662437 0.03172979 0.031417057 0.03180418 0.035493426
0.132471 0.015328221 0.021792457 0.010714108 0.0081806425 0.02449864 0.01120227
0.23622513 0.023941275 0.040805064 0.009028234 0.010088315 0.021709265 0.018149734
0.2808439 0.016639078 0.0439475 0.01556596 0.014264796 0.0133495405 0.022858515
0.24452412 0.019591445 0.073349886 0.010975765 0.014307421 0.021225808 0.025032165
0.17363688 0.007011391 0.02870729 0.0070750304 0.005822722 0.012224656 0.0142479595
0.4193134 0.008110566 0.043109678 0.0060854107 0.012256926 0.011466755 0.009892797
0.22155844 0.04729392 0.066882454 0.055427764 0.040205177 0.05000647 0.036059003
0.39845082 0.028960958 0.10610339 0.03281773 0.038274426 0.028978372 0.060674828
0.15800427 0.021108821 0.021436526 0.016565597 0.009244174 0.012489993 0.020733438
0.12578642 0.016382815 0.034086216 0.01931465 0.030165048 0.02983341 0.03828449
0.15139802 0.03311328 0.033329125 0.017923448 0.017744662 0.026144685 0.037745222
0.20488368 0.019305682 0.042485658 0.011382708 0.019398475 0.014144171 0.03034443
0.14364983 0.032277253 0.050539963 0.034618832 0.028235521 0.027660282 0.029971784
0.21797723 0.008613169 0.04264303 0.0027534366 0.0054661706 0.004659854 0.012850687
0.11404461 0.005674666 0.027341539 0.0081870705 0.0037764944 0.005211659 0.014742529
0.15479107 0.014282599 0.023834782 0.008850902 0.014317699 0.01538779 0.01296759
0.17840903 0.024667108 0.07536346 0.039107557 0.025496766 0.028631205 0.020540334
0.27674258 0.010066429 0.030607205 0.011057792 0.006307412 0.008441806 0.008818265
0.35727116 0.011341376 0.036823835 0.007336881 0.009497687 0.0048578996 0.018639404
0.21016951 0.030870942 0.047231894 0.037846435 0.033589136 0.023460865 0.027837383
0.16819893 0.023833107 0.06160695 0.024146559 0.024697287 0.024141053 0.03201961
0.30576187 0.005116537 0.033265315 0.0044444036 0.0093240775 0.0073380917 0.020684142
0.36266387 0.035661142 0.0800221 0.0411576 0.040764526 0.039024796 0.03722286
0.37618282 0.028916007 0.09247265 0.020059014 0.022639908 0.030370347 0.042273443
0.23275565 0.012479084 0.06432349 0.0129910465 0.00873984 0.010817733 0.028421568
0.21199076 0.012384258 0.06500188 0.032748926 0.020338291 0.027201135 0.035306092
0.22020558 0.029182982 0.060426183 0.017836763 0.017201414 0.019050837 0.023142252
0.31274024 0.008299995 0.060591757 0.008537579 0.006698977 0.0081683975 0.04453302
0.24847814 0.018157877 0.051411323 0.015354352 0.015836686 0.010737319 0.01581649
0.16620314 0.0055980906 0.035389856 0.006143948 0.007933166 0.010336651 0.006324105
0.18296148 0.02511763 0.041015245 0.020984389 0.027594704 0.020876005 0.04568834
0.10654681 0.008743303 0.035991978 0.009698793 0.017287428 0.017725239 0.010188436
0.17931393 0.008404067 0.035603613 0.019845294 0.037130464 0.015316786 0.032283373
0.1227777 0.009316284 0.028306361 0.012039062 0.0054034367 0.009549409 0.014716905
0.20450114 0.0139018 0.027397236 0.011636216 0.0095011 0.01171655 0.0114793945
0.10268687 0.04068864 0.06678798 0.026010957 0.023130067 0.045312285 0.038254496
0.12654746 0.03804726 0.07049367 0.026327288 0.033894103 0.048017044 0.02268573
0.08827641 0.04975568 0.044181652 0.038868956 0.03756212 0.048496403 0.03479012
0.09867772 0.006078787 0.01245271 0.004409846 0.0018351711 0.0027488843 0.009959102
0.11384636 0.015147604 0.034198888 0.00897604 0.009148724 0.006172411 0.010857314
0.10438268 0.03054414 0.06345537 0.026722139 0.057795096 0.019919334 0.03535366
0.101622604 0.0019530766 0.01175943 0.006524943 0.007123528 0.0017124526 0.013399778
0.07378867 0.011305004 0.022331364 0.0062759593 0.0076000616 0.0039639957 0.012911102
0.12210912 0.008849988 0.026345143 0.017250665 0.01825844 0.012948681 0.017986078
0.080230325 0.017536532 0.009226495 0.013023924 0.008362245 0.003357388 0.022425685
0.09477462 0.029789798 0.03947712 0.024602434 0.03779767 0.018043902 0.017615724
0.08612124 0.013488583 0.01607427 0.011532163 0.0067806095 0.0053886324 0.014660526
0.104999214 0.051934857 0.056063477 0.03764974 0.025021475 0.027706468 0.024483595
0.11895681 0.052168615 0.061101425 0.024497975 0.012878228 0.04885694 0.028959315
0.09853771 0.0049263053 0.021877863 0.0048962347 0.010462336 0.012359703 0.012948997
0.09899279 0.039927967 0.02813266 0.023961864 0.011337947 0.01234154 0.037827753
0.1561014 0.00935531 0.018243952 0.0063212626 0.007712517 0.011184396 0.024992393
0.09283882 0.011348691 0.01781553 0.020268342 0.0078062266 0.0068492536 0.009271752
0.042778086 0.020047018 0.038058594 0.015694428 0.016287275 0.017202828 0.015114332
0.1440132 0.004781261 0.014844829 0.010970887 0.008627549 0.0044864416 0.022006884
0.13187593 0.012123402 0.013218274 0.006250499 0.0045651793 0.005118385 0.009941576
0.12220346 0.008451045 0.021620922 0.008799132 0.016502162 0.009730153 0.014361493
0.13248529 0.023312185 0.031407192 0.0253638 0.013249682 0.01641479 0.019128727
0.096881084 0.0053877328 0.015071595 0.014494866 0.010601772 0.007830907 0.013241425
0.12539187 0.015562513 0.03137438 0.030668002 0.009889068 0.008598924 0.014959719
0.16638952 0.014505949 0.045518555 0.027529355 0.028495014 0.02203831 0.046250552
0.0889149 0.0062392987 0.014936343 0.003020823 0.0038744695 0.004513664 0.0073539354
0.06651754 0.006788101 0.0334782 0.005123187 0.011210065 0.011698276 0.018287275
0.14839655 0.028789463 0.02715275 0.0226867 0.029600194 0.028107734 0.03920788
0.08733706 0.014387118 0.03226397 0.017353818 0.008889908 0.011726245 0.018679036
0.13720247 0.0045323856 0.023525413 0.007020917 0.009619404 0.008388 0.022338433
0.08883017 0.014377136 0.015884057 0.0054058954 0.011219248 0.009574894 0.008426283
0.087643266 0.036890693 0.05971633 0.045793466 0.037438534 0.043985713 0.038792673
0.07722562 0.0050297305 0.021855228 0.009314172 0.0068390574 0.008295711 0.010964291
0.10295339 0.022388237 0.0261827 0.018690841 0.03063381 0.022730296 0.028274206
0.081693105 0.01577909 0.02532052 0.010023437 0.02470813 0.010595968 0.013662295
0.12764862 0.016188608 0.032678258 0.01691394 0.017391056 0.019132007 0.019758804
0.10762772 0.01933911 0.0392765 0.036667027 0.03289812 0.025424765 0.03318978
0.058042895 0.0022479072 0.009554002 0.002562087 0.0029893555 0.0019099191 0.0042297766
0.11969731 0.012046203 0.022757037 0.020921856 0.008897843 0.014193186 0.017375112
0.18998294 0.004958391 0.030361246 0.005535789 0.0037807263 0.005793277 0.008141598
0.11140957 0.013835048 0.014840791 0.0067745335 0.004808288 0.006744629 0.008868655
0.11665142 0.028661452 0.013570435 0.010545848 0.015042558 0.015354842 0.018778155
0.15319318 0.011786809 0.0122084245 0.013747029 0.009032249 0.0046637394 0.0066325963
0.083277114 0.005244173 0.010261621 0.0021042787 0.0022739768 0.00670629 0.01073537
0.09321915 0.017189236 0.022708058 0.018065184 0.027932059 0.023872226 0.021462021
0.10649999 0.004019525 0.02599321 0.012723235 0.014597757 0.006041795 0.0042167827
0.18183883 0.009609725 0.05217222 0.006446589 0.0069431793 0.014627453 0.022091415
0.10374665 0.0072909184 0.013160339 0.010164492 0.004100919 0.0024770387 0.005392667
0.112460375 0.039423674 0.067193955 0.051824268 0.055644676 0.050141267 0.0628812
0.07285361 0.03173511 0.039438363 0.027530171 0.029191803 0.03418716 0.028493695
0.11369484 0.0148142185 0.030491896 0.009939155 0.018784476 0.0063455533 0.021650014
0.1379129 0.004488997 0.012276158 0.0056792274 0.009921862 0.004879812 0.008688489
0.10191103 0.016729385 0.035866223 0.019519785 0.007015951 0.014937295 0.018663347
0.094559245 0.006431021 0.027292792 0.0092729535 0.01473904 0.0075002722 0.014374219
0.13321424 0.015368367 0.019248448 0.010414343 0.008520648 0.016775072 0.010145571
0.15410519 0.008422922 0.023951367 0.008046906 0.011624087 0.008782037 0.01159233
0.1701687 0.0071044415 0.030422986 0.011882123 0.00711756 0.0077333637 0.016461741
0.26075754 0.008583162 0.043963358 0.0070433468 0.004464453 0.0050176047 0.0067887064
0.31831264 0.0039712638 0.054550808 0.0046864357 0.0067069326 0.008390766 0.0058340635
0.2536526 0.04540255 0.107780136 0.018024433 0.020156125 0.034472402 0.036146145
0.18891256 0.007580735 0.07913218 0.006597858 0.0068792365 0.00652737 0.0076655615
0.07877945 0.007313147 0.013596792 0.0026404634 0.011531301 0.0046101604 0.008801876
0.09891926 0.0030983835 0.018032838 0.0020394102 0.0041269027 0.0016921125 0.012522135
0.113293074 0.035773385 0.014666298 0.012675522 0.0178601 0.009211695 0.030069582
0.105326146 0.005901074 0.008857723 0.003233254 0.005715236 0.004880652 0.005858004
0.08157735 0.012377914 0.021683646 0.03254906 0.016553987 0.009524602 0.018927904
0.09410397 0.0140686445 0.015655648 0.016566902 0.009457234 0.010758406 0.010413863
0.16107593 0.009103961 0.018825237 0.006929077 0.008234689 0.0110298 0.008383287
0.11054824 0.0029441342 0.017815951 0.0017707162 0.001301419 0.0057995543 0.006148562
0.08253069 0.012075271 0.01894054 0.006739145 0.006439578 0.0104531795 0.0059894174
0.08726581 0.008195868 0.023378544 0.009134682 0.005460847 0.006782625 0.008238159
0.09346104 0.01098123 0.028630752 0.008397769 0.014858518 0.01413347 0.01689487
0.11066397 0.012263926 0.046033263 0.021084357 0.022170167 0.020587537 0.023313304
0.114982136 0.04027445 0.037525892 0.029976614 0.03590829 0.02383067 0.050232075
0.0696948 0.035419013 0.024530532 0.021193847 0.029448915 0.023097549 0.039394896
0.12036768 0.03963999 0.044638447 0.02748736 0.033665817 0.03854128 0.054974478
0.08317761 0.023053966 0.021644091 0.020363051 0.012314135 0.011384651 0.012896329
0.14607851 0.00651644 0.018540911 0.007494122 0.00421948 0.0047753304 0.005650621
0.1384135 0.01841353 0.024462143 0.02030815 0.010093944 0.010316314 0.016469646
0.12666292 0.017019294 0.031916272 0.011519257 0.029165512 0.026254872 0.03886352
0.11447918 0.008416558 0.0151182 0.005818125 0.007264005 0.010673717 0.009907156
0.13857734 0.016876616 0.03675657 0.009485589 0.019138493 0.014015509 0.008316597
0.1105345 0.00943936 0.017979786 0.009267421 0.0072361045 0.00845702 0.007797871
0.089352325 0.05321974 0.020329405 0.038309574 0.01602229 0.009173801 0.035524543
0.13363853 0.054495327 0.057927944 0.04781232 0.042033307 0.051566076 0.046635162
0.106043585 0.017023597 0.03694279 0.013762865 0.03422958 0.014734333 0.038560476
0.061644964 0.009971492 0.026884913 0.010082668 0.012851972 0.010688629 0.008901469
0.087719336 0.0056843907 0.011078823 0.0042131618 0.0043594465 0.0026260875 0.009239361
0.07626261 0.053908296 0.074934915 0.07670747 0.052082606 0.051741827 0.044746168
0.08007212 0.037872598 0.041700464 0.036609326 0.02962301 0.032635204 0.052197043
0.09851253 0.0074072946 0.008260522 0.0115942545 0.0024145395 0.0047036484 0.007139152
0.08827662 0.015524566 0.016031384 0.0066480245 0.008839851 0.009137152 0.016912522
0.068120405 0.0073848497 0.017818976 0.006502047 0.0076378863 0.008600887 0.017577037
0.09856846 0.020041667 0.038923357 0.019905835 0.017388564 0.013173763 0.06495349
0.1393724 0.01773454 0.030968426 0.025161639 0.008510048 0.0103765465 0.013301961
0.092402905 0.00369896 0.01254132 0.008453624 0.0074061453 0.0038182493 0.008122262
0.12848401 0.009037003 0.012965266 0.011687098 0.008785099 0.003804706 0.016791485
0.117680654 0.0058011487 0.016813379 0.006823834 0.005134877 0.007999694 0.010968342
0.11215285 0.005142646 0.017003827 0.0055436287 0.0052374136 0.0023570322 0.009458432
0.09505477 0.0058106054 0.014314737 0.0049423166 0.0036701597 0.005425725 0.0059058703
0.072260514 0.009916216 0.009553017 0.0039053038 0.009611201 0.005351566 0.009500504
0.11312085 0.037151843 0.02659777 0.0109135825 0.016784497 0.014937239 0.04421964
0.11547834 0.017221615 0.013725486 0.010041045 0.008689148 0.009034513 0.0077723674
0.13295165 0.0103129465 0.018671243 0.009059008 0.00977263 0.0046806037 0.011818668
0.14783294 0.0076669827 0.024129294 0.01587996 0.009275036 0.012158399 0.018262152
0.06788286 0.0068737306 0.010089822 0.0065988265 0.004612658 0.0038353913 0.009101663
0.10295488 0.0074321404 0.024204744 0.009690596 0.004907109 0.0033615753 0.006021429
0.15436491 0.0061496533 0.023122676 0.0052139983 0.004766144 0.006167978 0.0058197193
0.14474484 0.004000066 0.040461477 0.004316302 0.004364539 0.0034389198 0.007600248
0.21799651 0.0066762175 0.0450628 0.0061322805 0.0035420377 0.003296107 0.005290352
0.4103346 0.00791242 0.060679227 0.008589746 0.0029860549 0.004037723 0.009008076
0.17765926 0.01907031 0.048770413 0.013449021 0.015303593 0.005098596 0.026796533
0.28748554 0.010739703 0.036058675 0.0040424056 0.008439777 0.016065886 0.006494753
0.3303753 0.049194705 0.15416177 0.05532891 0.059353467 0.07737501 0.03441087
0.34667227 0.009230645 0.068660855 0.015731778 0.030048657 0.017603427 0.02347361
0.31916124 0.0048623644 0.035688482 0.006517235 0.008528182 0.0068958495 0.008258741
0.43626624 0.020776436 0.03953176 0.01566284 0.018165162 0.014551472 0.026395898
0.38814858 0.0054657124 0.025026433 0.0034296848 0.0043193437 0.004826471 0.0069708526
0.41758272 0.01738715 0.05055053 0.02059854 0.010132493 0.014825903 0.026786894
0.34828013 0.021006912 0.044183318 0.0074854344 0.0057893246 0.007463185 0.013774097
0.26003703 0.0047742985 0.020452797 0.004451813 0.0039241016 0.0027920566 0.0198242
0.23965137 0.03606076 0.04831005 0.025978347 0.027617676 0.022389228 0.029276721
0.2853491 0.0039509498 0.03203621 0.0041997954 0.0047734175 0.004401466 0.00811642
0.46377754 0.0031132512 0.021410465 0.006135475 0.008176679 0.002816353 0.0055799633
0.45973805 0.024616707 0.0949429 0.027020376 0.026123049 0.033156436 0.048589714
0.31588757 0.0069203973 0.03341062 0.01146516 0.0041571446 0.003108941 0.025086574
0.11666223 0.0065828264 0.027441077 0.00763854 0.007794678 0.006935805 0.008882448
0.21897602 0.012465131 0.039580494 0.01085484 0.009614969 0.0047455803 0.014454987
0.37986273 0.05554989 0.1061147 0.04293436 0.031955715 0.05271097 0.052444413
0.12249427 0.009161238 0.0228432 0.011807058 0.007921362 0.008426653 0.011874063
0.12866296 0.0077044666 0.01352226 0.014934747 0.011760021 0.018341761 0.0051409006
0.16766652 0.004819978 0.019081961 0.011876412 0.00828963 0.0066400412 0.010242699
0.1636463 0.0113064675 0.035041302 0.025133228 0.023809295 0.009286147 0.02191365
0.109852195 0.07107434 0.117035285 0.06408371 0.06968582 0.077467635 0.09968072
0.20795241 0.012462201 0.025714789 0.013304977 0.0149719585 0.00648617 0.01734565
0.33492234 0.021647973 0.15995756 0.03022092 0.019793333 0.027103242 0.07744431
0.20661433 0.022857113 0.03663861 0.021984145 0.019488482 0.02027063 0.021543955
0.12623274 0.0147518385 0.042811587 0.025212133 0.013229957 0.021615203 0.010756966
0.15834266 0.0045522973 0.00993843 0.005409017 0.0018357597 0.0050543565 0.00457887
0.118980825 0.0070914943 0.014099138 0.0047250316 0.008233851 0.0039693266 0.008305479
0.28570938 0.01713251 0.03023839 0.010830283 0.023696888 0.016698595 0.0260674
0.1459851 0.01146538 0.022248661 0.008180419 0.008266784 0.0069517437 0.012060342
0.109478734 0.0069277976 0.026721086 0.004720155 0.014480775 0.0066975206 0.0072626844
0.25521106 0.010476077 0.045068942 0.010470044 0.026535142 0.004616674 0.01332764
0.14462778 0.005640013 0.028867612 0.010030646 0.0041212477 0.005223384 0.007369809
0.13281159 0.029502595 0.035800986 0.028053317 0.026830506 0.023570016 0.025788765
0.19638367 0.030148407 0.06117386 0.019853443 0.020833995 0.015296835 0.011178473
0.35685265 0.0226498 0.03072125 0.014222743 0.0098117795 0.0074321665 0.031819023
0.37259126 0.009324387 0.06989666 0.007187318 0.0042208806 0.0035251305 0.009428494
0.1849564 0.022510113 0.09520273 0.01577084 0.019016923 0.0038210507 0.018645847
0.32420775 0.01001941 0.038190313 0.013119113 0.0077107158 0.0046657138 0.0150162
0.49136856 0.02554342 0.10530212 0.015923174 0.0125120245 0.023164783 0.049481936
0.6488154 0.028515631 0.08004085 0.018961208 0.013709394 0.016128572 0.024955835
0.36549404 0.013543777 0.08743435 0.013317896 0.01204614 0.007940561 0.024484647
0.26588392 0.022500452 0.06442329 0.0068599954 0.013423877 0.011251276 0.0051883757
0.36007 0.011214107 0.036987357 0.006470103 0.008871537 0.006585419 0.017453382
0.32548547 0.008775409 0.050918892 0.0037633292 0.0025563166 0.0057592653 0.007849485
0.41646695 0.013637703 0.04293578 0.006862495 0.006198257 0.0043235794 0.023558568
0.11978201 0.007462248 0.02775457 0.010623755 0.005988311 0.008066738 0.0075236093
0.23395336 0.016610954 0.059972197 0.013820581 0.0058384016 0.0106191635 0.014043547
0.19940758 0.019978484 0.044779547 0.026639102 0.021705447 0.014443124 0.023825882
0.46012223 0.015557835 0.08567535 0.02067659 0.03477478 0.007772524 0.01581952
0.42327958 0.020634687 0.045721542 0.023606287 0.011929195 0.0068277083 0.02410125
0.34531376 0.0061395504 0.04929831 0.0061834008 0.006286837 0.0043720864 0.018048886
0.6396623 0.013874525 0.08742818 0.012399776 0.0060966164 0.005035909 0.017978009
0.2312634 0.016891073 0.04751336 0.007737981 0.020574804 0.021091266 0.06593828
0.15178122 0.022262845 0.034912497 0.018764852 0.0071470905 0.0129728 0.008523844
0.27810955 0.007435752 0.06558874 0.007883061 0.012762379 0.010019084 0.012394456
0.34563118 0.005377164 0.035716582 0.0030946322 0.0026299953 0.0024563745 0.0038856566
0.29479128 0.019613836 0.0238434 0.010684218 0.009662807 0.005454924 0.025746053
0.3679794 0.032150693 0.08126688 0.027781019 0.029776167 0.03178045 0.050719816
0.4123713 0.02329109 0.023315158 0.011151124 0.016820198 0.010291383 0.016036794
0.3631611 0.0035458505 0.071767144 0.004425071 0.0063557047 0.0025349185 0.01199637
0.3080126 0.0045597516 0.03359228 0.006461937 0.003182549 0.0037489906 0.004104331
0.39497855 0.016844235 0.08968166 0.017512808 0.007957738 0.010504499 0.008408142
0.36947164 0.02605561 0.03679607 0.01226097 0.019061754 0.022874495 0.034126673
0.3032622 0.016594455 0.0324714 0.025000086 0.021647424 0.016102152 0.035608605
0.3171999 0.0051188767 0.052976713 0.021009576 0.0015901253 0.0056123585 0.004554592
0.60176927 0.015752725 0.031477064 0.017070651 0.016607128 0.004618842 0.029925931
0.28613326 0.027076647 0.08754103 0.055235337 0.027557721 0.012600619 0.036142483
0.54588914 0.008294841 0.06659092 0.009992108 0.012631772 0.015603948 0.018202566
0.13364072 0.0036361068 0.024851818 0.0060654394 0.0070325937 0.0016303882 0.0051750615
0.19108573 0.008775938 0.053738672 0.021980662 0.011617269 0.0046368223 0.014593996
0.34295365 0.011242824 0.10658783 0.008012604 0.00494365 0.0073434655 0.0071621276
0.36700496 0.024615845 0.057322975 0.019279502 0.026907885 0.017282723 0.039314207
0.40301096 0.011457738 0.016437761 0.018344041 0.010595225 0.005976662 0.01785925
0.48315567 0.027997723 0.032949444 0.005340442 0.005362287 0.0032765232 0.006419342
0.5025406 0.005108848 0.061565507 0.005951423 0.012211585 0.0054550357 0.010436345
0.22415341 0.0062560365 0.01810872 0.005998168 0.013437061 0.0063706953 0.030386567
0.37503538 0.020687161 0.08373495 0.010787699 0.006571591 0.005413417 0.01724332
0.60685563 0.010717126 0.09333187 0.016142238 0.004791841 0.009631835 0.014469337
0.3642465 0.018778615 0.070673205 0.015976105 0.016837597 0.0067361686 0.023253968
0.438021 0.011618987 0.025378369 0.019116914 0.0061521716 0.01089455 0.014483592
0.35717908 0.0083565675 0.0282383 0.0059125572 0.020116154 0.008796386 0.012946656
0.47752702 0.0057112277 0.096998185 0.0042489804 0.0038394555 0.0059318393 0.012391029
0.3339531 0.026222127 0.08493474 0.02060479 0.022346051 0.022656297 0.025664259
0.58043766 0.023732483 0.035721898 0.00870654 0.020615656 0.009766508 0.034147024
0.44586268 0.005000811 0.046677303 0.006195735 0.0066011883 0.00805876 0.008133367
0.1511389 0.0082239155 0.06949409 0.011445591 0.015282454 0.008041838 0.009958524
0.19353226 0.006327588 0.052203048 0.0027152114 0.00994548 0.0061661806 0.010551674
0.20146282 0.025732867 0.0516412 0.018491777 0.01694624 0.011375504 0.019844268
0.21591415 0.035742886 0.024206128 0.018417338 0.013116932 0.010808216 0.031084606
0.25087526 0.023211328 0.056947164 0.010333836 0.022733595 0.0021214224 0.06018563
0.3442729 0.002257567 0.027371585 0.004844051 0.0068217274 0.004078459 0.00542791
0.35566092 0.03289757 0.06697102 0.030067138 0.037954673 0.05189091 0.022546776
0.2532057 0.016723797 0.05895292 0.017151939 0.010469204 0.014724188 0.017040461
0.72064704 0.011929415 0.07071981 0.015897304 0.018935462 0.016673593 0.03206186
0.7628984 0.0038877707 0.028100498 0.007979434 0.011735581 0.0031015351 0.01133519
0.6116723 0.009306973 0.038107388 0.0043751933 0.005897701 0.015178356 0.02488523
0.4934293 0.0038472936 0.036109656 0.022544842 0.0027193613 0.005832825 0.020086247
0.37105858 0.0022709742 0.0686322 0.0030112304 0.003961716 0.0050840825 0.0064004064
0.49393037 0.029354587 0.07992301 0.015591322 0.019739103 0.014874524 0.026399761
0.5472629 0.005986564 0.043678503 0.0035721734 0.0044142865 0.0027213432 0.007127609
0.33051443 0.00684781 0.021281537 0.016405629 0.0033529773 0.0020921081 0.010381557
0.28500086 0.004201539 0.02063423 0.004452873 0.0028380305 0.0020847693 0.008161243
0.52510476 0.0075075533 0.09349339 0.014589177 0.004372008 0.015345218 0.022900626
0.67805165 0.010025002 0.09368503 0.010379558 0.0123529285 0.0058210827 0.011094365
0.32567278 0.03154763 0.070683986 0.02121454 0.043224603 0.026966318 0.060037795
0.23853444 0.01427339 0.024770323 0.0093599595 0.008028286 0.0023552403 0.0065326504
0.11349564 0.009343537 0.012661353 0.009228513 0.005561985 0.0018715784 0.019937988
0.13519844 0.015658302 0.01883132 0.0072893165 0.0068990365 0.007565338 0.012941739
0.12080338 0.014270708 0.08057561 0.012520624 0.013063004 0.013541672 0.013582492
0.21156946 0.02059121 0.051429857 0.015039608 0.017098598 0.010183146 0.029387593
0.36948377 0.020911457 0.035030697 0.0073445886 0.003384009 0.0054695755 0.035639815
0.19768465 0.020896379 0.041001063 0.00840532 0.013300341 0.011482453 0.03365166
0.4126815 0.017316509 0.1149527 0.030758984 0.03671155 0.03753483 0.046398204
0.34397355 0.021312648 0.056840412 0.022515818 0.017020654 0.0186242 0.03335318
0.4459136 0.01757444 0.05659998 0.0072039478 0.003720276 0.0017640479 0.029744362
0.25567663 0.0046192817 0.04006413 0.006628353 0.009393297 0.0071412157 0.010851448
0.16792281 0.0051718224 0.026163269 0.007510949 0.010448931 0.0032445677 0.01049773
0.13254899 0.0075974725 0.0154719055 0.005914051 0.0059266426 0.0054642577 0.015849883
0.116453156 0.0051526055 0.009887233 0.0039527044 0.006831618 0.005561862 0.00972563
0.07555658 0.014492065 0.032438565 0.009444745 0.010844188 0.0127767585 0.01243642
0.10182517 0.008802831 0.0199248 0.007362809 0.005213622 0.0077148564 0.018415112
0.11770573 0.0060536526 0.016080204 0.0036337618 0.0061853025 0.0030454583 0.0066275112
0.119983174 0.0069768503 0.009996779 0.0025155768 0.008591227 0.0019646324 0.005407911
0.09106201 0.012897471 0.014958439 0.020591581 0.011813924 0.011397682 0.026541816
0.1560882 0.008599689 0.041335084 0.009325521 0.009240214 0.014128372 0.016235689
0.27278495 0.013591945 0.023416005 0.015647398 0.008887429 0.014712727 0.016963819
0.22538044 0.023518642 0.04247616 0.030563096 0.039134994 0.027047247 0.03611613
0.23964378 0.015418149 0.049850263 0.016048416 0.014650997 0.012094561 0.02164742
0.12949283 0.005477477 0.025579333 0.0041082017 0.0049822517 0.0056953 0.015772833
0.19462717 0.008681603 0.019240718 0.0070519745 0.00735718 0.0044830684 0.009274583
0.20841494 0.039237216 0.10162522 0.038163677 0.050296914 0.043436065 0.015059333
0.18528414 0.0149178505 0.023610517 0.017510684 0.014786553 0.017138734 0.036478557
0.11123818 0.008151112 0.033451866 0.004897248 0.004823543 0.003604371 0.008364022
0.13383575 0.009798406 0.021683026 0.0054884665 0.009361394 0.0039120503 0.006977426
0.2041786 0.0038596168 0.023192927 0.0031973235 0.0060445294 0.0034031495 0.006792443
0.3258114 0.004636623 0.031047642 0.0049906373 0.00419664 0.0030643865 0.012251228
0.16849583 0.0035772584 0.027800947 0.006316606 0.004915852 0.0066517573 0.014066387
0.21881431 0.0028677955 0.02516333 0.0035157688 0.0033032484 0.0030184686 0.012353035
0.35025924 0.004973948 0.029899795 0.005548481 0.006387597 0.002188757 0.00728368
0.46483886 0.032828417 0.02252658 0.00840023 0.005065758 0.0028003305 0.01258878
0.14065073 0.007914627 0.01501305 0.0035458058 0.008579448 0.008309886 0.007718712
0.15211073 0.0053037815 0.01249782 0.0030135773 0.0033364333 0.0022217594 0.007496666
0.28693372 0.04520041 0.07861219 0.085259594 0.05526302 0.049445905 0.117941454
0.16090286 0.006703466 0.01585443 0.006846007 0.0092403125 0.00825627 0.018518401
0.17259185 0.0042348467 0.05456349 0.0031048954 0.010327322 0.008474354 0.010578809
0.11499059 0.015998904 0.034487 0.014332911 0.01221155 0.0128223095 0.014640767
0.10540123 0.009254444 0.014779039 0.0096394885 0.006778773 0.0061560795 0.005780846
0.103910215 0.0091121625 0.01631102 0.0049637742 0.010493148 0.008518675 0.0048152655
0.06431074 0.019383201 0.029117959 0.016778724 0.027619965 0.020291653 0.028104477
0.09318366 0.0050933436 0.01841179 0.005380964 0.008726273 0.009366853 0.007929821
0.1428045 0.017678931 0.046136867 0.029155685 0.021790449 0.012754053 0.026377488
0.25101164 0.011468651 0.03934184 0.012042712 0.0096089 0.007525161 0.011063386
0.35011324 0.022822758 0.044381663 0.002769228 0.0033026524 0.0019258596 0.015200643
0.09276327 0.0077302493 0.014772836 0.007973695 0.0066813696 0.011119587 0.009985447
0.06372735 0.005649749 0.025265284 0.0048110057 0.012660703 0.00838051 0.011208223
0.078625225 0.0036518462 0.014740631 0.0043138824 0.00346395 0.007427104 0.0043197647
0.090365335 0.011130054 0.009689901 0.0038396232 0.006657783 0.0032645687 0.009296892
0.11058007 0.012741331 0.024712782 0.007729044 0.016270705 0.018482612 0.017242227
0.0940213 0.059735607 0.046667542 0.043206006 0.047018457 0.03705769 0.042795163
0.10649264 0.0012638047 0.008999392 0.0014527626 0.0042121224 0.002360113 0.007690206
0.10494006 0.008181039 0.032726374 0.0100878235 0.0137394965 0.0058430023 0.0053585917
0.08843692 0.0057220533 0.011559319 0.004865788 0.0071899034 0.0033925772 0.01624368
0.07921192 0.006575601 0.049509168 0.0091095045 0.005079657 0.022636266 0.008376759
0.06387332 0.016634213 0.017386433 0.006855849 0.013027402 0.005408928 0.016216524
0.07483274 0.01083314 0.014551973 0.008372271 0.01760507 0.0069738626 0.01488594
0.1176366 0.0023614876 0.013049882 0.002789531 0.0021946244 0.0070564765 0.008122014
0.08690294 0.010063011 0.03290788 0.012013931 0.0072967187 0.0065134075 0.0067291763
0.08311019 0.002209153 0.012640078 0.0030547827 0.0062607266 0.0030217096 0.009978244
0.14932278 0.013364695 0.023589328 0.011719899 0.012794612 0.010002609 0.008861676
0.094084635 0.0066070464 0.017942315 0.0040104426 0.013240406 0.0067925435 0.006023282
0.10764851 0.004708316 0.013602737 0.007265521 0.008209318 0.003701102 0.016502077
0.091721274 0.010180067 0.014152359 0.0090925675 0.018119326 0.012529928 0.019865045
0.08216039 0.0026730672 0.018413823 0.0020098872 0.0021425039 0.0034339577 0.0048485324
0.112658165 0.005415369 0.012888737 0.0024828836 0.0030616652 0.0040313043 0.003418684
0.06254613 0.012431705 0.05157558 0.009916021 0.015414365 0.015242467 0.008526834
0.09653881 0.010718163 0.018992752 0.0062946193 0.0059244595 0.0030359365 0.014966905
0.07765243 0.0027987063 0.019645996 0.0041923113 0.006587606 0.012696758 0.004331857
0.05736647 0.00490541 0.025868487 0.0030130967 0.0052973498 0.0032669716 0.0026875772
0.08918688 0.007751882 0.017080307 0.0069815293 0.005580496 0.008297864 0.013374904
0.09891116 0.004489448 0.018178254 0.010212444 0.0023954175 0.004802767 0.004130762
0.048214834 0.0036106836 0.010035168 0.0018764772 0.003320422 0.005179636 0.0019720048
0.13976672 0.019161848 0.027534433 0.020739233 0.014289074 0.018387686 0.0194526
0.07681466 0.0046027713 0.018189171 0.006080903 0.00818957 0.014567002 0.012606251
0.037959915 0.0017909445 0.010648254 0.0023301616 0.0034519285 0.002661422 0.0033896752
0.06546349 0.002802495 0.017544113 0.0044526495 0.001777444 0.0045738965 0.00191034
0.10347801 0.00797889 0.018569507 0.006247634 0.0061981007 0.005413927 0.0048513412
0.08221135 0.009934392 0.015443349 0.004696438 0.010101285 0.0026877783 0.012077976
0.15031026 0.0101039 0.010609567 0.0061597936 0.005238574 0.003155876 0.006645078
0.04763405 0.004205011 0.009239752 0.0046291016 0.0024831034 0.0024363436 0.00510069
0.10469223 0.002565775 0.02309779 0.003079299 0.017787648 0.009694509 0.0038298666
0.07547776 0.011181725 0.015334729 0.019475354 0.012415335 0.012449628 0.021339722
0.08895195 0.010253981 0.01887244 0.008615952 0.017228447 0.013935823 0.008376833
0.09269961 0.011113176 0.03612945 0.01851648 0.008618012 0.01956565 0.004679125
0.056989335 0.022635099 0.020399377 0.008880779 0.022734337 0.010838378 0.027328325
0.0762045 0.016060105 0.015153095 0.012297405 0.00827577 0.0059331786 0.015680756
0.073032014 0.0033859797 0.031541176 0.0053449236 0.0036312677 0.007958634 0.0062177107
0.062486432 0.0038126744 0.011272527 0.004386574 0.0031771027 0.0040202923 0.0047815777
0.07910396 0.017714053 0.022764673 0.017814146 0.0059391446 0.007838771 0.00864711
0.11008654 0.021288905 0.019698393 0.031218186 0.013759963 0.023527136 0.03509517
0.122662306 0.0026983842 0.02218363 0.0036542378 0.0073799975 0.0030827858 0.003126461
0.13917436 0.0074437223 0.01547391 0.0031279027 0.0063291043 0.0039104857 0.005259713
0.097061105 0.014643578 0.014396708 0.025194267 0.0067915246 0.013480976 0.011582186
0.12620416 0.010856692 0.042743932 0.009679208 0.016971523 0.011872277 0.016365241
0.099407256 0.005985938 0.009640317 0.0027065985 0.008520354 0.0023258664 0.01140449
0.06883733 0.015557326 0.015743397 0.0047441088 0.008657362 0.020830307 0.004514411
0.10743615 0.0075828973 0.008252792 0.008058589 0.0045560934 0.007226102 0.010151926
0.07916777 0.007310115 0.012809737 0.006322656 0.004473824 0.003958661 0.0050142705
0.07309003 0.008383295 0.014090084 0.005852863 0.012360528 0.0070310906 0.017589336
0.06771079 0.0034622103 0.014050376 0.0029853843 0.0015263297 0.001933936 0.0030565113
0.091365956 0.008061077 0.014820855 0.0043406337 0.003112454 0.002040986 0.008389115
0.13584366 0.005898468 0.034914423 0.0056857876 0.013981286 0.0046035275 0.008399224
0.13495909 0.0051960945 0.025772136 0.0047177672 0.0066713467 0.008879311 0.006735908
0.07719419 0.010394029 0.024398662 0.009856166 0.007701041 0.00973279 0.005555533
0.07038716 0.0040569566 0.015686054 0.0054014027 0.008402886 0.0066025835 0.009386558
0.104013346 0.0025454275 0.017393675 0.0031824298 0.010633919 0.0014844872 0.010510556
0.06676701 0.027356604 0.019552482 0.016975176 0.027197015 0.028047228 0.022639738
0.04163157 0.0075065717 0.017512193 0.0029835738 0.0058390535 0.009798387 0.0028803572
0.11376278 0.005372867 0.022398653 0.0037529618 0.009801667 0.009408798 0.0060385317
0.035701826 0.0028511994 0.0061140433 0.0032287426 0.003259398 0.0035280026 0.004732311
0.072326094 0.002328191 0.00773108 0.0028011315 0.0020679832 0.0025879778 0.0025993735
0.0766522 0.0053008534 0.013218656 0.0076661166 0.0049076527 0.0052499846 0.008766871
0.0820242 0.021830773 0.011639418 0.015790114 0.010100963 0.009425528 0.01224491
0.052103378 0.002935402 0.021497566 0.0029908977 0.002251301 0.0036464296 0.0033892505
0.07337464 0.013148079 0.023529418 0.012091599 0.0054470375 0.007358974 0.00752786
0.06056879 0.018653978 0.026426997 0.010543125 0.025507497 0.0063836128 0.013582947
0.075391226 0.0031937808 0.012392089 0.002911549 0.0023877732 0.0030631833 0.0015769862
0.05298984 0.004126683 0.008297771 0.0040036608 0.0043514855 0.008932948 0.0073484965
0.08752236 0.0077743307 0.026408149 0.017003134 0.010363009 0.00655159 0.011593305
0.07117918 0.0023065992 0.010104399 0.0025552697 0.008499581 0.0070151165 0.0049318634
0.04648792 0.003921628 0.01471829 0.00494935 0.0071648434 0.0029701665 0.004176151
0.0840291 0.0039714873 0.018552003 0.0070089586 0.007131748 0.0076966994 0.013092579
0.100744925 0.0041216407 0.014783967 0.004470527 0.0030096099 0.0049097724 0.0066545047
0.10111996 0.027854744 0.03558831 0.034925703 0.026610829 0.029103959 0.03426153
0.06893014 0.05114855 0.03998262 0.047925852 0.03807039 0.014809512 0.03858681
0.040200952 0.01369369 0.044061724 0.031406227 0.021331057 0.019297749 0.046228703
0.08238599 0.008606566 0.021248544 0.0049371086 0.013290411 0.0059514716 0.017265007
0.06503682 0.004500311 0.023239132 0.024626665 0.0037360191 0.0043961294 0.013130195
0.06331886 0.0029147677 0.020580221 0.0065678544 0.0017507076 0.0042028204 0.0025477484
0.07268819 0.020939466 0.018160786 0.020687258 0.016612617 0.01307825 0.020730583
0.0656017 0.0032149404 0.008677125 0.0032536425 0.0022451095 0.0024289154 0.0030482747
0.09616683 0.0066415556 0.01545196 0.0025030375 0.008028854 0.010114994 0.00461895
0.06758078 0.0045622997 0.009994753 0.004098762 0.0044369213 0.0056803077 0.0043412074
0.07319009 0.017932441 0.009162985 0.007260151 0.007464491 0.0043292716 0.014079083
0.058214325 0.0233456 0.012383171 0.006302152 0.004871037 0.006581111 0.017604778
0.07919694 0.066377036 0.066318735 0.06918414 0.05814435 0.0640182 0.056958523
0.12700333 0.0032909699 0.025189724 0.003488347 0.003326511 0.004667137 0.003191702
0.1335101 0.007755609 0.022717707 0.008243047 0.0074961446 0.0075985007 0.03255134
0.06440302 0.013507677 0.013871878 0.022901252 0.007068798 0.0068729445 0.0083188955
0.09862493 0.017197806 0.019387815 0.007242754 0.012369219 0.00877364 0.005595358
0.12877159 0.003189072 0.029596077 0.004033625 0.006140018 0.010173414 0.009298716
0.06320372 0.003948182 0.018713154 0.011537071 0.0073338635 0.012224767 0.008004375
0.06569767 0.046291538 0.049379613 0.052902013 0.038098313 0.032915745 0.044530123
0.058932006 0.0049766693 0.0073146783 0.0030908622 0.0031009167 0.0036892965 0.0050878935
0.08479281 0.03367425 0.038981356 0.025822708 0.015806701 0.017069839 0.018512739
0.050615378 0.0048166327 0.016120508 0.004918538 0.008038489 0.0068997983 0.0066023804
0.097888574 0.005103022 0.0139858015 0.005232753 0.0059610065 0.006361084 0.0066485405
0.14163615 0.0020239614 0.02135561 0.0015113391 0.0040325 0.0032097548 0.003964804
0.10818401 0.00875495 0.0153070185 0.004372172 0.006856125 0.00390663 0.0087407045
0.15316774 0.009690896 0.03133263 0.0065251514 0.007121835 0.0035440437 0.0036326349
0.12990987 0.009969361 0.02546988 0.006139219 0.016415104 0.0052138455 0.0056078583
0.17100587 0.0050865225 0.024519384 0.0034617186 0.0052242056 0.003061179 0.011667272
0.12111842 0.0053358953 0.016063312 0.002431605 0.0037733521 0.0076002646 0.007169988
0.12088195 0.01536178 0.020780114 0.013933292 0.0059379116 0.013322622 0.0062209405
0.05794157 0.0061641354 0.042156424 0.007338561 0.016403528 0.025587201 0.010492422
0.05376815 0.004546877 0.024328537 0.0077385716 0.005277667 0.0050895326 0.0044459403
0.111202404 0.0046954527 0.011947937 0.0031582154 0.0044107474 0.0013565309 0.0024564825
0.06644886 0.0032511204 0.015228137 0.0049430057 0.0020489097 0.0049231127 0.002854295
0.12576012 0.011685191 0.016752157 0.0053754672 0.0065608583 0.0032320283 0.010318633
0.06498828 0.003590446 0.016671795 0.0029823072 0.0037181228 0.002410952 0.0033932664
