0.09456526 0.91426194 0.88723475 0.90583867
0.049519207 0.048930634 0.05497804 0.050010026
0.05697976 0.019127887 0.023944354 0.033501707
0.06429656 0.09438934 0.105595805 0.11482521
0.086848535 0.038006898 0.04133111 0.037808973
0.05152962 0.02705492 0.021732556 0.041845813
0.0400479 0.040664166 0.03935072 0.037197847
0.022203255 0.04308117 0.03322073 0.04073374
0.032629535 0.022476377 0.026585665 0.03032275
0.026439147 0.01499624 0.011144318 0.014739154
0.021280596 0.03293723 0.027303165 0.026756251
0.021298291 0.019180357 0.021626621 0.0231716
0.017747197 0.030596051 0.033219367 0.031682752
0.01956698 0.026890067 0.027374284 0.020188376
0.016399466 0.046228006 0.05176638 0.06466096
0.017298033 0.015336689 0.015972134 0.011543067
0.016149295 0.010081412 0.012166878 0.011398047
0.022849597 0.03303559 0.040283628 0.02777859
0.02023881 0.03413493 0.034345172 0.041889157
0.034839306 0.019124232 0.028136598 0.013979223
0.017705746 0.013568884 0.013147989 0.0073664375
0.028078448 0.011634383 0.01228413 0.011476327
0.020985961 0.011318386 0.013987569 0.013280366
0.026416263 0.027997797 0.0335217 0.033099458
0.019723747 0.014988046 0.017803213 0.015674628
0.019375099 0.022319453 0.018578831 0.013231352
0.024480391 0.013514275 0.0069635008 0.00978029
0.013524495 0.025357496 0.027391996 0.021505924
0.015974648 0.011491187 0.010680255 0.00811342
0.019390626 0.015183592 0.014929049 0.018907342
0.0155492565 0.05659421 0.06166401 0.055492382
0.010796175 0.008966545 0.008310018 0.012379212
0.014132609 0.008951532 0.008885084 0.007989448
0.014656951 0.07572401 0.08712152 0.07614988
0.019783517 0.013006 0.012634588 0.0115919225
0.014738978 0.00979411 0.008630328 0.009971589
0.021913696 0.010671986 0.012220375 0.013585132
0.012742432 0.018817414 0.015094267 0.022695934
0.015612101 0.009027028 0.006493235 0.009563176
0.014296275 0.009231687 0.007198129 0.006836286
0.020082727 0.0112918485 0.005695373 0.01054954
0.02546146 0.014873173 0.009100386 0.010655353
0.021096807 0.0041977577 0.0057639517 0.004351262
0.01178511 0.051136393 0.048729647 0.04579012
0.017287811 0.016698305 0.015883397 0.022677643
0.014770038 0.006133685 0.0046207383 0.005205402
0.011448933 0.043063447 0.03801516 0.04335823
0.01333722 0.02127345 0.018846476 0.025096668
0.016851477 0.02502393 0.018628305 0.016967183
0.01211343 0.0068934225 0.009533534 0.009313447
0.008809991 0.0150369145 0.009613136 0.0088736415
0.013884842 0.01396223 0.015260953 0.015364243
0.021445056 0.016895926 0.020730674 0.016185625
0.019285781 0.0063310396 0.0032192469 0.0031181723
0.029621527 0.049016926 0.040193807 0.05079242
0.020374041 0.019230224 0.011677152 0.012568442
0.016181689 0.011091944 0.007807998 0.009959513
0.011339048 0.00878139 0.006317679 0.0072754268
0.014592993 0.041476794 0.034801103 0.031640686
0.011454777 0.008738568 0.004705442 0.0067585055
0.010371818 0.005748268 0.0054461136 0.004494719
0.011228006 0.016470872 0.021383936 0.027470553
0.008720767 0.012994565 0.02189373 0.012276784
0.018048337 0.008620264 0.0052651707 0.012455678
0.010867327 0.008684071 0.008329565 0.008336447
0.008640815 0.025616048 0.023362132 0.035368755
0.008542118 0.010222653 0.0055852868 0.007865539
0.012326032 0.04048553 0.039332315 0.031026365
0.014489379 0.009514108 0.0056435876 0.009420063
0.016283011 0.014550673 0.01839192 0.00932252
0.013454614 0.027829783 0.012751866 0.009341495
0.010559072 0.031161712 0.03936502 0.03320158
0.012735944 0.007731175 0.0070351586 0.009563658
0.013197884 0.025824178 0.02870011 0.025846494
0.013503227 0.02007396 0.030893883 0.019135706
0.0072655044 0.046322554 0.053012624 0.043349475
0.010716889 0.014336687 0.0099855475 0.01375431
0.007181111 0.01003712 0.016518291 0.009171389
0.009065291 0.041271843 0.048604783 0.03892994
0.012907915 0.012993589 0.012183888 0.009342901
0.012722753 0.0076895803 0.0072578304 0.010020096
0.011265714 0.005073985 0.0036484227 0.0031212643
0.00997698 0.00580303 0.004428003 0.005097285
0.015120685 0.013199177 0.015031146 0.009918626
0.0127247535 0.007820323 0.0068918727 0.004785992
0.0060677677 0.012748506 0.015003871 0.013941014
0.011171914 0.002257716 0.0022687763 0.003595721
0.010830813 0.013803206 0.009135811 0.009574626
0.010540846 0.0031719021 0.004100889 0.0033329576
0.015525537 0.007984169 0.008311484 0.007727172
0.019848062 0.0040172413 0.011267874 0.0063371994
0.023478013 0.028097225 0.028645307 0.022763671
0.017683713 0.00683067 0.002772104 0.004561141
0.014596008 0.086695574 0.07355927 0.07852936
0.0071601914 0.0104342755 0.0113277435 0.019747686
0.0123460125 0.018879639 0.014157107 0.01305127
0.012075685 0.018863548 0.011203293 0.008504331
0.014258634 0.033575337 0.022786727 0.030982096
0.014491715 0.024755519 0.021247197 0.022848574
0.009597642 0.017031431 0.013870874 0.01494761
0.008068866 0.0052110553 0.006218374 0.0054629035
0.010689938 0.0065936036 0.008508276 0.006654024
0.012241561 0.007624019 0.007860731 0.009898528
0.01847735 0.011554882 0.015688526 0.012770699
0.0111162355 0.012769122 0.0075304396 0.010402888
0.008078829 0.00759292 0.0066787563 0.0064416155
0.008038258 0.012196511 0.009708459 0.008125739
0.0096937455 0.009451196 0.013788791 0.008644646
0.010186757 0.0033367462 0.0029541403 0.004545156
0.010680305 0.004227683 0.0040974803 0.0039015561
0.007870743 0.018038502 0.011946885 0.017416304
0.010071552 0.0034381784 0.0048633516 0.002719894
0.009836154 0.003451772 0.0031474829 0.003298033
0.011611256 0.013911646 0.0116065815 0.013768606
0.010601286 0.027050192 0.019991627 0.01845434
0.008198701 0.007964013 0.009755807 0.013585277
0.007553708 0.009806886 0.0064035505 0.020370942
0.008946224 0.004533127 0.00343984 0.006300172
0.012933827 0.005492447 0.0043853596 0.0041682348
0.0075821527 0.03044409 0.035645418 0.04120281
0.0064845416 0.0045214314 0.004579786 0.0029216632
0.0095424205 0.010259673 0.012539562 0.009161685
0.009442072 0.008208737 0.00708846 0.008028828
0.012223454 0.005152408 0.004114587 0.006798532
0.010290491 0.009118978 0.007009873 0.0070166346
0.011235751 0.004861597 0.003860794 0.0035316534
0.010124816 0.011974605 0.009973343 0.01308235
0.019262653 0.0046459697 0.0029250532 0.0022964515
0.008500194 0.0069315806 0.0061375685 0.008238349
0.009497256 0.0046615005 0.005520679 0.0059034377
0.010470956 0.018438425 0.01336995 0.01507088
0.009702011 0.011563815 0.012339015 0.00681033
0.007135122 0.0017242134 0.0025866479 0.0017047338
0.009358217 0.011598092 0.004407257 0.008894889
0.0070434343 0.0035115182 0.003765162 0.00398501
0.014661025 0.007004082 0.0058808234 0.0076353457
0.010829404 0.006035192 0.005081583 0.0043096133
0.014006434 0.0077602006 0.0052368604 0.004501771
0.013953039 0.014192941 0.01469229 0.014974121
0.007316617 0.040796194 0.024533048 0.023418423
0.00877957 0.0035642087 0.0040599033 0.002647549
0.009576972 0.010393934 0.01763446 0.014616055
0.010896074 0.0024068654 0.0016109459 0.0028112978
0.0078078797 0.00697561 0.0066439398 0.0057228953
0.01253905 0.06360355 0.077179 0.049478266
0.012588649 0.006059874 0.0062910095 0.007099118
0.014209145 0.010294935 0.005974751 0.010040227
0.0049140663 0.007767223 0.0030464008 0.0051980913
0.0077273617 0.016280375 0.014202317 0.01532799
0.00827777 0.071268894 0.07323904 0.062367406
0.009749467 0.029698117 0.01938113 0.02381534
0.010620008 0.007092841 0.005491186 0.0054781437
0.009724245 0.007770773 0.004575018 0.0051733553
0.010753472 0.0054307394 0.006955918 0.004430324
0.016622288 0.01696549 0.0055428687 0.00833131
0.012809042 0.003823351 0.002314005 0.003630899
0.0126773175 0.0132869985 0.011737425 0.019177806
0.014034769 0.0027406216 0.0027778149 0.0017749853
0.014819208 0.028218195 0.020435322 0.024757795
0.009432802 0.008499043 0.0052528344 0.009273611
0.011649933 0.014124544 0.0059899334 0.005287051
0.012754457 0.0022044107 0.0046898276 0.0015924014
0.007922531 0.010513503 0.013696694 0.009681266
0.010529845 0.0031753369 0.0040969774 0.006412089
0.011617377 0.0054063257 0.0071578883 0.0060374383
0.008471957 0.006076254 0.004712036 0.006841479
0.009341896 0.013373228 0.004915595 0.0060112327
0.016523216 0.011546889 0.019646432 0.019422418
0.015387018 0.011682818 0.0097421855 0.009214781
0.012813387 0.006242074 0.007206971 0.0068588275
0.0051520183 0.0038342811 0.0027599633 0.0027113296
0.012838659 0.00854985 0.003103193 0.0036073737
0.017035805 0.013779698 0.009235751 0.017289521
0.010807865 0.03658555 0.04520964 0.045390993
0.011768873 0.02147169 0.01759076 0.0073692426
0.008259527 0.0056954212 0.0075852834 0.0060183816
0.010775527 0.0067731515 0.0058436245 0.004102234
0.010134133 0.0052287653 0.0044518523 0.003587544
0.00968344 0.012741074 0.008376952 0.010885971
0.01151032 0.008911513 0.0076929703 0.007974388
0.011385151 0.0040137656 0.005032271 0.0063348785
0.0137124285 0.0052986294 0.004264418 0.008769881
0.009100112 0.01091608 0.013023911 0.010241484
0.010852651 0.005472198 0.0050176084 0.0065443944
0.007906323 0.012714049 0.009955475 0.011110108
0.0076085273 0.010718001 0.009742057 0.008634189
0.009424206 0.0053803883 0.0043809675 0.010520812
0.009507027 0.008326853 0.009594534 0.013799164
0.012449769 0.0069929883 0.0061580744 0.0052135102
0.007864176 0.0072708093 0.0053499304 0.0053814612
0.008617786 0.004445333 0.0045970865 0.008295532
0.012164734 0.03281418 0.027169375 0.011030734
0.014535839 0.007045109 0.002819419 0.0025981516
0.009800171 0.007268546 0.0093530305 0.0063474774
0.012938639 0.030607687 0.022931667 0.023634277
0.006546158 0.0061612166 0.0054762214 0.0052741356
0.008895335 0.004621651 0.0032761246 0.0026565045
0.006302981 0.007907217 0.0049655773 0.0063308943
0.014992256 0.012674704 0.016789557 0.017912641
0.011910314 0.006283775 0.0069922116 0.009272423
0.011047856 0.012046663 0.012475163 0.017796915
0.008661436 0.00787521 0.0048474744 0.005856961
0.015822586 0.004038159 0.004064556 0.0033371635
0.0129768625 0.003167456 0.0060039926 0.0050781146
0.014280165 0.015367838 0.015714006 0.017010564
0.01525921 0.002711542 0.0017493628 0.0019310266
0.00970988 0.00955265 0.0114605725 0.00837638
0.013709696 0.011343634 0.016478013 0.0072047226
0.01753638 0.0053851083 0.012393799 0.006926812
0.016038693 0.008915268 0.0018117018 0.0027689114
0.011292415 0.0057589095 0.002906911 0.0038819574
0.012179938 0.012080405 0.005582122 0.0051074363
0.008119563 0.008249737 0.006374959 0.0040724687
0.010760185 0.011133939 0.008579556 0.0115910275
0.008936295 0.00771321 0.0072353743 0.007466886
0.012044093 0.0043474324 0.0040602908 0.0044360533
0.01753473 0.0045537613 0.0014555305 0.0019530244
0.014990553 0.0054589435 0.005914662 0.010460287
0.0077881482 0.014664259 0.016072925 0.020296045
0.0137198195 0.011281172 0.009370124 0.019904912
0.00966107 0.010776555 0.00942591 0.011495255
0.012509447 0.010538397 0.011671154 0.0131784845
0.014082544 0.00538167 0.004438581 0.0031830445
0.010245972 0.006251693 0.00635482 0.005899623
0.01262606 0.0035800412 0.0058719013 0.003614746
0.013232892 0.0385329 0.040947847 0.034579612
0.012310537 0.003220275 0.0028678589 0.0023344383
0.008338944 0.008458521 0.007130271 0.0073157735
0.014360494 0.005210465 0.0067815073 0.0068885125
0.0067397486 0.0049830135 0.00900094 0.00633586
0.008135151 0.0056545325 0.0072837602 0.005137246
0.009902438 0.004988771 0.0036657453 0.003412107
0.008070478 0.0057972632 0.00425102 0.0063255355
0.016520806 0.0026458465 0.005089091 0.0038292967
0.010336301 0.0015959553 0.00189282 0.0016209707
0.01302842 0.051790357 0.062452964 0.04744547
0.017902203 0.009870652 0.0084217265 0.010017043
0.013458116 0.010080399 0.0124293845 0.012705697
0.012606389 0.009766821 0.021811603 0.010087572
0.005137086 0.011826441 0.0135537125 0.0128846895
0.008265758 0.014105147 0.011231966 0.015632506
0.00945663 0.004806135 0.010685574 0.005212471
0.0122740725 0.0020930618 0.0037846193 0.0026091821
0.006791526 0.006021451 0.00848585 0.006782282
0.010300722 0.0027022064 0.0027296878 0.0038352516
0.012294131 0.0061344653 0.0064529236 0.0068273284
0.008133296 0.0029611774 0.0023134872 0.0026773214
0.0077889655 0.012945496 0.016011305 0.010923665
0.013654428 0.061416738 0.061784696 0.06228472
0.009832269 0.0022695772 0.0027051307 0.0025186576
0.0115699535 0.0071039144 0.0059897657 0.007964099
0.011623129 0.004306689 0.0050939694 0.003396511
0.010491051 0.014159597 0.010819532 0.008668534
0.009127103 0.0057110377 0.006423626 0.0040164758
0.0118412 0.0041390136 0.0029953457 0.0046857595
0.015992481 0.008584408 0.0071778297 0.006968146
0.010827751 0.009636957 0.0076002534 0.0071998443
0.008926557 0.0030858032 0.0062829275 0.0042191613
0.008139831 0.0055241063 0.0075245723 0.0053793546
0.013850337 0.0035732426 0.002711568 0.0023001134
0.011408377 0.0047918223 0.0039611906 0.0056100264
0.0061625736 0.0027757175 0.0028524734 0.002162926
0.012022337 0.0135175865 0.015893009 0.012167253
0.018295728 0.010933392 0.0152617805 0.014603592
0.008257298 0.006672278 0.005681671 0.0056917183
0.008310664 0.004826408 0.0052373037 0.0030766688
0.009565091 0.0035820715 0.0042220354 0.003385719
0.009661607 0.005106125 0.004335936 0.0033252575
0.0086072255 0.013374524 0.015245009 0.017468322
0.010073555 0.013649546 0.011819258 0.018976405
0.007585978 0.0025069825 0.0019267537 0.0018393397
0.012021011 0.0044989474 0.005055554 0.007710213
0.012338845 0.011300802 0.010510631 0.013109844
0.008610261 0.0059295148 0.0043827742 0.0042870715
0.007871362 0.0054781176 0.003717631 0.0075465348
0.009059077 0.014226064 0.008010838 0.011304252
0.009356249 0.0012855679 0.0015278757 0.001664903
0.010574863 0.0053589493 0.008036561 0.00453341
0.008713497 0.0030553862 0.0025088526 0.0042270496
0.008879641 0.0047050454 0.0074537173 0.005399704
0.0066899373 0.003161978 0.0058309883 0.00301034
0.018094106 0.0030330196 0.005519055 0.0033827089
0.013610175 0.0058966987 0.005098533 0.005638648
0.01261647 0.0013832375 0.0018209331 0.0027693287
0.0118948445 0.021636996 0.020586006 0.020803226
0.012208395 0.0069839824 0.00422737 0.0040578917
0.01188388 0.0029836185 0.0028357953 0.005113257
0.009805376 0.0058201775 0.007748587 0.00681353
0.013689654 0.0029012933 0.0037774295 0.0030472837
0.013777185 0.012353845 0.01637934 0.01119668
0.0048802197 0.0043167695 0.0037519857 0.003578499
0.0086368425 0.0019862577 0.0023257546 0.0018721782
0.013108421 0.008530663 0.009599021 0.011055127
0.00685123 0.0025722794 0.0020920373 0.0024180897
0.007154136 0.0024493672 0.0018802471 0.0022410713
0.007397347 0.0029283427 0.0040375814 0.006891057
0.008800281 0.0034369715 0.0022485405 0.0023616739
0.0079124095 0.013098475 0.017989986 0.011033233
0.012838761 0.004832614 0.0052137375 0.0043349266
0.02055377 0.002657108 0.004911974 0.0022888146
0.017867938 0.030393785 0.014473246 0.023375332
0.028749516 0.00555313 0.00901591 0.0038460083
0.023389956 0.005070124 0.00622195 0.0033260696
0.029767063 0.010707622 0.012244862 0.010317087
0.01705164 0.0057232194 0.008623503 0.0037588477
0.030052487 0.008912433 0.010205977 0.004174527
0.017803408 0.010045834 0.0103164185 0.0074627846
0.018607866 0.003248062 0.0012648441 0.0021868236
0.015053615 0.0069743358 0.0043776482 0.005545214
0.013693538 0.002896253 0.0030844659 0.0038051493
0.016099185 0.010203712 0.0060783066 0.008240253
0.009135007 0.012048645 0.018237658 0.010854233
0.014546362 0.008977957 0.008157589 0.007843757
0.010708701 0.009288933 0.01335638 0.0071578138
0.010477738 0.0033304058 0.0037523322 0.002431646
0.015631208 0.008566547 0.018310769 0.0150530515
0.009069031 0.0030258074 0.0031056292 0.003181465
0.010880724 0.007747717 0.0054925624 0.0060911234
0.009016493 0.0046469867 0.004919283 0.0056129526
0.015853379 0.030172616 0.038956206 0.03351055
0.004589061 0.0063099824 0.0064524636 0.0077906847
0.0079235 0.005629858 0.010203367 0.010091471
0.009147422 0.0041028857 0.0045448393 0.0045602582
0.008757834 0.0071557127 0.00251621 0.0042595975
0.013814032 0.0051030573 0.006752664 0.007133348
0.011966452 0.0023849085 0.0031180494 0.0021740496
0.011368157 0.0009075478 0.0015990809 0.0009464361
0.013444173 0.005771458 0.005355008 0.004401814
0.0102518555 0.0073208455 0.009746613 0.009661907
0.015297355 0.01656802 0.016321233 0.015690163
0.014641727 0.0040046386 0.0044229403 0.003831897
0.01625689 0.02527278 0.023181044 0.017147532
0.017155167 0.011354471 0.006525431 0.0037865117
0.016082391 0.0051615126 0.0037875883 0.0047774874
0.014093211 0.012032308 0.011009891 0.007644329
0.011488057 0.029205622 0.035862323 0.045116775
0.012331888 0.0030200817 0.0035231784 0.005185483
0.013757171 0.002849277 0.0023313463 0.0011448562
0.010202492 0.002255462 0.0018520914 0.0018028729
0.009697022 0.012242984 0.009594057 0.014710649
0.0102838585 0.019474145 0.021068145 0.008799553
0.010310046 0.011500411 0.008485436 0.00561665
0.010658418 0.0023333393 0.002524484 0.0016975291
0.009135407 0.0027814545 0.0033059753 0.00138814
0.0122987665 0.0035678297 0.0067931563 0.004181806
0.009274308 0.0070907082 0.012172423 0.012061384
0.011297017 0.0056389533 0.0056963153 0.008184554
0.015348791 0.004405368 0.006903872 0.005028587
0.010932623 0.0052962936 0.0029185787 0.0035229288
0.006646665 0.008916076 0.009542087 0.009933298
0.0043226704 0.0016577244 0.0019506365 0.0028682426
0.010409765 0.0020211898 0.0028448738 0.0026315302
0.014099492 0.0045696497 0.009387732 0.0027253851
0.010785012 0.0043234713 0.0058685355 0.008349033
0.01512572 0.00910553 0.0077589974 0.0056627393
0.012101639 0.0034381263 0.0023506656 0.0040058643
0.007439565 0.010849312 0.010190347 0.0090761185
0.012788911 0.0017352067 0.0029590502 0.002457045
0.011261799 0.01058141 0.011972414 0.009752251
0.011652688 0.0034739524 0.003922472 0.002780009
0.0100893555 0.019824224 0.0122007355 0.010641955
0.008982903 0.0023088418 0.002517119 0.0020390674
0.013271032 0.009953616 0.02058932 0.009006819
0.011210161 0.013262494 0.017334849 0.025016095
0.014626555 0.0038018785 0.0048771948 0.0063775666
0.013048843 0.001983188 0.0023132898 0.001706019
0.015883112 0.0050559677 0.0044098794 0.007515125
0.015485715 0.005575899 0.0048981495 0.0055431128
0.013055053 0.0020398684 0.003955081 0.0030575842
0.015091413 0.013070604 0.00530505 0.0076520145
0.007857302 0.0054871477 0.0052859783 0.0037246458
0.014154235 0.0053636134 0.0046474114 0.0055260956
0.018220156 0.0042799916 0.005253639 0.004071325
0.011545935 0.0057748593 0.0054818764 0.004298983
0.015808437 0.0101457015 0.0068500265 0.0074699223
0.0119873155 0.011093363 0.017560448 0.010958828
0.011872239 0.00308685 0.0033338368 0.003110312
0.014622068 0.0074405223 0.0066224206 0.0094553735
0.017051984 0.006130902 0.007352868 0.008690437
0.009237712 0.005546095 0.0029394962 0.0053048804
0.008873944 0.0030282848 0.0034669712 0.0047244504
0.013243461 0.0053624325 0.006250359 0.0070627294
0.017241802 0.06446869 0.060297426 0.052239414
0.006094708 0.012806723 0.013704741 0.014027782
0.009386536 0.009252181 0.009789236 0.005701218
0.009695701 0.0040390342 0.0036390573 0.0033327118
0.009920588 0.016308509 0.015994506 0.012116021
0.009212705 0.0059130173 0.009699272 0.0051069744
0.01030088 0.007162461 0.008506874 0.0037423465
0.00882229 0.01829361 0.007917086 0.010091245
0.014255932 0.013533561 0.015136255 0.013728252
0.011726027 0.0039490014 0.004765032 0.002523113
0.0103585 0.0029139146 0.0037663765 0.0024194084
0.009933319 0.007154841 0.00362394 0.0035047084
0.009679817 0.020355515 0.014538217 0.01057988
0.009322918 0.0032370314 0.003665842 0.0035479628
0.015164435 0.0037957728 0.003596682 0.004078783
0.008081112 0.009863796 0.014336288 0.009624323
0.016758326 0.005310023 0.0058790706 0.0056477785
0.009161103 0.024386216 0.019287437 0.02129473
0.010851817 0.004509937 0.004287038 0.0030146986
0.01386869 0.0043024197 0.004252948 0.0054748915
0.0085188355 0.0017908886 0.0019816458 0.0018776245
0.0065249726 0.005178813 0.0051312298 0.0047180615
0.0042842794 0.0016960539 0.0032704808 0.0023330115
0.0050693024 0.0011897162 0.0019462667 0.0010351315
0.009774792 0.0075041037 0.0034853853 0.003337402
0.01362557 0.00577051 0.0071456227 0.015777437
0.012081742 0.0053927638 0.002339851 0.0031926408
0.008824581 0.007819656 0.005396515 0.0036348738
0.01093027 0.013225786 0.01734383 0.0078261625
0.0031452668 0.0019719861 0.0035014115 0.0025681816
0.009624584 0.0019916967 0.0043798424 0.0053343233
0.0110942535 0.0033694021 0.0069719385 0.0058957487
0.009543048 0.01367859 0.0056393705 0.012497006
0.014889369 0.0027888678 0.0030924343 0.0022974834
0.0067531858 0.0044763684 0.0060848687 0.0033509023
0.011926774 0.0072248504 0.007904049 0.0075193644
0.010265024 0.0015790723 0.0019735321 0.0014117323
0.012557923 0.0042151734 0.0045766793 0.0040003844
0.0075630294 0.00332997 0.002386175 0.0030315556
0.018948888 0.020862477 0.020798014 0.016771125
0.011015581 0.0030443221 0.0053144433 0.0054083057
0.009320272 0.0032051317 0.002881363 0.0016421191
0.0071226694 0.0033914074 0.0018369295 0.0013818629
0.007193176 0.0035809875 0.004327379 0.0027849078
0.017981209 0.004033584 0.0039611347 0.0028832108
0.012176437 0.0032063015 0.0021473356 0.0025719963
0.009479719 0.02952689 0.020556789 0.029160809
0.006991052 0.009950444 0.0051783156 0.004901126
0.006932969 0.011434795 0.007969657 0.01052103
0.0077831782 0.00452343 0.003927812 0.0030269474
0.016501166 0.01014369 0.013175825 0.012942504
0.011555688 0.011504874 0.013517253 0.012248982
0.011950171 0.011768166 0.00922974 0.009032186
0.011842996 0.013994353 0.012236183 0.008087864
0.0074903946 0.013146171 0.016346358 0.0054132007
0.007807343 0.015708422 0.010538053 0.007350009
0.0068154037 0.0063395016 0.0062115844 0.00669406
0.0068364833 0.0041270405 0.014086068 0.009094758
0.008349314 0.00985451 0.0048547722 0.0075241346
0.008740913 0.010632876 0.010883713 0.009197401
0.010929006 0.0045136176 0.003858287 0.0031649247
0.0069535114 0.0062241107 0.009472977 0.008176269
0.0068653896 0.009677336 0.010497501 0.010875097
0.008761669 0.0051836874 0.0067319237 0.00549704
0.009001856 0.010244098 0.009984354 0.0122821
0.006666581 0.0102569945 0.009267589 0.011907075
0.008287666 0.010828771 0.016526429 0.0041315258
0.010617232 0.0013734512 0.00316751 0.0017416291
0.015227499 0.0019893125 0.004210502 0.0029884465
0.011938741 0.0021542087 0.0019911118 0.0022731945
0.008727704 0.005489612 0.006158566 0.0048180073
0.010842152 0.0036243089 0.003442727 0.004560057
0.008518932 0.0044689104 0.0029801987 0.004136827
0.008579546 0.0067191496 0.005560361 0.0070996936
0.009207082 0.004173711 0.0073427707 0.0046385657
0.009670963 0.0059973374 0.0067298654 0.0053061955
0.009509633 0.008446444 0.007823776 0.009139743
0.011199569 0.00566034 0.005700305 0.006204797
0.0053849686 0.006438751 0.006708434 0.008605644
0.009832527 0.0029511675 0.0055493005 0.0035447627
0.01049898 0.0034580082 0.008307401 0.005482748
0.007856371 0.008025043 0.0049994066 0.0059382655
0.009491389 0.0028885305 0.0046719667 0.004254237
0.014730218 0.014677227 0.0068121925 0.004906185
0.008853661 0.0072278343 0.008486835 0.0050146915
0.005906678 0.003516253 0.0036603957 0.005320657
0.005020358 0.007990887 0.009703623 0.008063555
0.010909413 0.011981353 0.010303011 0.005238641
