0.032146458 0.86205465 0.7867482
0.0046882085 0.058955625 0.052442882
0.011424466 0.086053714 0.068474665
0.008314864 0.030317973 0.026032075
0.009318659 0.073839046 0.07570221
0.0048031746 0.015819471 0.014148084
0.0059803687 0.020600151 0.025168711
0.0040912046 0.02234735 0.022619303
0.0058342046 0.022601478 0.022156933
0.0050264406 0.027649296 0.028169287
0.004855219 0.07889549 0.0709982
0.0062205778 0.05615651 0.045091588
0.0058930493 0.046444014 0.044286918
0.005240199 0.017258387 0.017436998
0.007501166 0.0093806535 0.00953112
0.0042571374 0.009304047 0.008155804
0.0062893876 0.037748884 0.032541387
0.0060264072 0.026060164 0.021262474
0.008214422 0.012924295 0.012053635
0.011558969 0.011673462 0.0051266514
0.011178628 0.006944502 0.004407026
0.0062455353 0.0076831356 0.003104493
0.0064015947 0.103631765 0.08915737
0.005147367 0.019843634 0.017156389
0.0075160004 0.06681591 0.065132014
0.005975298 0.015809583 0.011490276
0.007186487 0.06206921 0.064724386
0.007532706 0.017163806 0.016870864
0.007321931 0.030089362 0.027222766
0.0068750246 0.015433692 0.01648843
0.0058918083 0.030981336 0.038400814
0.0063700303 0.032596424 0.033758026
0.005856961 0.0719066 0.06470394
0.009329106 0.014677705 0.01627516
0.0067061195 0.04964194 0.04035359
0.0068588913 0.043324225 0.040868897
0.006931347 0.07531135 0.061186854
0.0057215537 0.009313531 0.008179922
0.005147045 0.012865864 0.015584981
0.0060066488 0.021665053 0.017592082
0.0046572136 0.026609778 0.027455434
0.003824741 0.002915401 0.002547998
0.0074821957 0.022243667 0.018877005
0.0062824464 0.00652436 0.005730493
0.0077584195 0.018617714 0.020904768
0.0074908743 0.011617089 0.008678112
0.0064270683 0.083776414 0.0653474
0.006336125 0.009546839 0.0056937654
0.0072246836 0.028719477 0.022606593
0.00630863 0.036346257 0.029285897
0.004315222 0.007134186 0.0048415754
0.0070418217 0.017727887 0.015939057
0.0066641136 0.015506329 0.013696283
0.0072330893 0.009701274 0.008998064
0.005330243 0.034029398 0.028426684
0.0059654554 0.019070983 0.023442712
0.006564853 0.009004695 0.007944347
0.006906391 0.029229404 0.03191938
0.006591301 0.0049357824 0.003804192
0.008903591 0.021223132 0.015074056
0.010501206 0.014231734 0.009685475
0.010613999 0.010011183 0.0046804734
0.024361705 0.010178994 0.004255075
0.005405582 0.006640438 0.004521951
0.0045685666 0.00826147 0.005093567
0.007994885 0.00348242 0.0031203255
0.007900572 0.03062991 0.026374405
0.006261869 0.02260548 0.023376662
0.006953475 0.015866702 0.010982471
0.009180813 0.012101624 0.0131185055
0.009605572 0.03913423 0.03947264
0.01237966 0.0091471 0.005392056
0.0074931616 0.020750893 0.014863452
0.016803756 0.0059890747 0.0058966335
0.010015512 0.0050881393 0.0066162497
0.010848425 0.006737614 0.005759094
0.0062408173 0.0153377745 0.0125387795
0.0054091327 0.008426439 0.0073788054
0.006191666 0.006359972 0.006148167
0.0036086596 0.017193263 0.014763679
0.004239317 0.0085552335 0.0065626316
0.0061343857 0.0059991106 0.0072279125
0.0038601232 0.009067085 0.004793279
0.0023916045 0.046349406 0.038634155
0.004348948 0.014747381 0.010522559
0.0033956848 0.011761483 0.013359843
0.0047487603 0.0051231757 0.0034906082
0.0034498188 0.018241586 0.01820977
0.0026849005 0.004067892 0.0055824053
0.0029974456 0.0137908235 0.010415558
0.003735897 0.025571115 0.027720837
0.0022556167 0.006856676 0.006123487
0.0035068826 0.011835903 0.015935857
0.0032774506 0.010581665 0.011755727
0.0034905502 0.015928872 0.012070898
0.005161402 0.006721001 0.005092155
0.00377968 0.020326464 0.019541686
0.0044375667 0.04480329 0.03481527
0.003842111 0.020448323 0.020013263
0.0044613644 0.018603116 0.010460703
0.005480708 0.02908367 0.030506218
0.0054097786 0.025134644 0.022841036
0.0056221792 0.011659404 0.0070841443
0.008331529 0.011901166 0.009155158
0.020446852 0.021070091 0.011651721
0.010101668 0.011883659 0.0055895373
0.016490329 0.016536988 0.007904051
0.00609336 0.006663438 0.0031241365
0.004203297 0.015556106 0.01676289
0.002921296 0.004435245 0.0025851876
0.0030127985 0.004731998 0.0034891888
0.0032815596 0.0072337613 0.009282153
0.003742408 0.007900393 0.0051821806
0.0027128963 0.05814368 0.06235937
0.0036122263 0.0121214595 0.012731863
0.0052007292 0.015081614 0.014373628
0.0041243257 0.011648273 0.008795451
0.0027989633 0.005993452 0.0050772913
0.0024892017 0.008306522 0.007387545
0.0020240897 0.06564555 0.06428416
0.0031243886 0.0037990063 0.0037640706
0.0041889977 0.0032226406 0.0029814914
0.0039080563 0.016803045 0.020808982
0.0035442263 0.039625127 0.046373263
0.003422583 0.04364925 0.03917851
0.0029570316 0.0055451747 0.004014872
0.00387244 0.011637241 0.012237402
0.0040207678 0.0038765334 0.0027509332
0.0029825063 0.009927349 0.0057521258
0.002665198 0.0113935135 0.009215102
0.0015860469 0.003306225 0.0029194392
0.0022957583 0.0038186647 0.003799606
0.0032144287 0.005542487 0.004306283
0.003680401 0.039506305 0.0393004
0.0027363624 0.0096333455 0.008868372
0.0026184998 0.010570057 0.011534981
0.0036232402 0.0068857074 0.005818978
0.002700235 0.006063547 0.007430248
0.0037598945 0.019848272 0.021476729
0.0027440514 0.004750341 0.004566744
0.0029588048 0.0048961826 0.0038208365
0.0025919925 0.017919613 0.014001515
0.0030346913 0.0063487794 0.006689079
0.0043752887 0.031414926 0.028633961
0.0030984606 0.013423346 0.01823409
0.0034099307 0.013772409 0.016388673
0.0045758835 0.0022801273 0.0025529899
0.0028948921 0.027120857 0.029894171
0.0026327393 0.0025626756 0.003556665
0.0028708798 0.012409665 0.014522942
0.0037712522 0.013943808 0.0096729975
0.003127604 0.01318115 0.010970661
0.0031007787 0.009214029 0.0062986333
0.0029597746 0.008922204 0.007145133
0.0044331024 0.0054997504 0.005273249
0.0043148147 0.023468232 0.02298729
0.0035920085 0.0052923486 0.0037712865
0.006007127 0.027144637 0.017684173
0.0037251306 0.041347455 0.04013546
0.002702659 0.0051669665 0.0047482513
0.0038476822 0.0329746 0.029058006
0.0056044008 0.030109372 0.022060268
0.004724358 0.006033309 0.00493259
0.0050441027 0.007199144 0.00642805
0.0037658245 0.004759174 0.0031034835
0.0049774544 0.009952063 0.007823547
0.010293778 0.0335665 0.031128278
0.008951277 0.012525305 0.010184247
0.014435363 0.0044959374 0.0048089847
0.0037565478 0.007260151 0.009056395
0.0033415772 0.002931103 0.0031374842
0.0044144555 0.023498625 0.017678687
0.0037978457 0.0046548545 0.0038468912
0.0042175385 0.015741669 0.014665335
0.0040979325 0.011450518 0.013677688
0.002604439 0.0030991398 0.0031013899
0.003241007 0.0023826398 0.0017666742
0.003807839 0.0158384 0.01151704
0.0028681878 0.017332518 0.019856468
0.0029586277 0.0075479783 0.006455157
0.00484505 0.004783742 0.003516648
0.0028681336 0.00774803 0.007437695
0.0039352216 0.034553554 0.04399172
0.0030212088 0.023871848 0.020304812
0.0047339126 0.002681639 0.0023989193
0.004368177 0.0039224103 0.0035639554
0.0030678317 0.015296457 0.01637111
0.0026421952 0.0020472072 0.0018212274
0.0024760251 0.016518306 0.017464692
0.0035664185 0.015041655 0.01860961
0.00411392 0.004560739 0.003571868
0.0040982584 0.0038996749 0.0025977679
0.0041855327 0.005511051 0.003872782
0.0029162802 0.0059958734 0.0040687434
0.0032110724 0.006122917 0.005122317
0.0033041507 0.0029033124 0.0031335615
0.0036074165 0.012515854 0.00831094
0.0043851756 0.0073176567 0.007687805
0.00328001 0.012850596 0.014391122
0.00322167 0.012523949 0.0084817335
0.0029377092 0.016752994 0.013326768
0.0025050696 0.0016747378 0.0017973483
0.0031153804 0.005474277 0.004257951
0.0029996473 0.0037029758 0.004702404
0.003264019 0.013598878 0.009192232
0.0038783166 0.048821803 0.031968623
0.0026502274 0.016092906 0.011712933
0.0028304511 0.0048685037 0.0044405498
0.0029882945 0.0023006052 0.0020923875
0.0018614404 0.007039454 0.008034879
0.0021861761 0.0029212497 0.0026275665
0.0035730905 0.0028851666 0.003596533
0.0041897376 0.013055392 0.011092065
0.004122527 0.008268142 0.0056597292
0.0025637187 0.0137279965 0.0132322665
0.002917962 0.008756528 0.008832576
0.0041089356 0.0044828486 0.0044982843
0.0031431564 0.014368363 0.008188367
0.0043318425 0.016652811 0.017112657
0.0034045808 0.008278297 0.006607687
0.0030866393 0.007848764 0.0048892573
0.0034684346 0.0038628168 0.0029279776
0.002599713 0.0077226534 0.008797411
0.002309955 0.0123262 0.01806146
0.0034272321 0.007458238 0.006349921
0.0029086561 0.006101683 0.004590176
0.0026192882 0.005370211 0.006070379
0.0037093293 0.013961976 0.015285181
0.0026656592 0.024665328 0.025724415
0.0049107433 0.00352123 0.0046933815
0.0040253415 0.0037437454 0.0046508275
0.002122029 0.0034025274 0.002535224
0.0038856592 0.004840929 0.0029390305
0.002812049 0.0019207112 0.0024214797
0.0029497438 0.002766002 0.0030237809
0.0029336214 0.011175577 0.011484234
0.0029717237 0.011276105 0.012673644
0.003007704 0.01622471 0.012452811
0.0035873302 0.0068251807 0.0062744394
0.0026546712 0.007072456 0.0076731425
0.0026599474 0.008885637 0.009284256
0.0034087505 0.00921195 0.006126184
0.0024404959 0.0066140033 0.007171506
0.0021928626 0.0099499505 0.009876145
0.003355984 0.009467009 0.013629869
0.0028996437 0.013245571 0.011422748
0.0033522719 0.0051478315 0.0046527907
0.0023716984 0.010530241 0.007317772
0.0028659822 0.07344481 0.06124537
0.0030549327 0.011138737 0.008245295
0.0037278787 0.0060619563 0.0045572557
0.0032434096 0.0022662096 0.0016385689
0.0030134649 0.009801887 0.008111637
0.0018715041 0.004890058 0.0042039566
0.0029343728 0.014788631 0.017720876
0.0041706394 0.0034985282 0.0043029413
0.0026607334 0.028810315 0.03197721
0.003971049 0.024260467 0.017169047
0.0022841243 0.0039467867 0.004664328
0.0031650239 0.014099374 0.014484638
0.003609351 0.004319597 0.0030164272
0.003725358 0.0067262985 0.0054375194
0.0029873934 0.03101204 0.03842795
0.0052295174 0.0059556626 0.0051025376
0.003954829 0.010614345 0.009024834
0.004886121 0.0053304657 0.005447205
0.0037917837 0.0050090402 0.0034550615
0.0033048938 0.0025454164 0.0014810711
0.0037019514 0.0039910153 0.0029209405
0.0040322994 0.0052215755 0.004490476
0.004154709 0.026987288 0.02274786
0.0039010749 0.0029125027 0.0019570068
0.0040525733 0.004197661 0.0049497895
0.003918776 0.004748635 0.004286468
0.0040543242 0.0073118694 0.008235414
0.0033492625 0.0076474175 0.005050216
0.0042286366 0.0032844879 0.0027071387
0.004233021 0.002920393 0.0019450933
0.004379951 0.0022954494 0.0020193048
0.005130637 0.023844259 0.02032233
0.003082287 0.0018986352 0.0013848208
0.0036743195 0.0059443116 0.0036733337
0.0050212117 0.023361754 0.017930204
0.0043712785 0.0036138333 0.0030203983
0.0026460097 0.017606193 0.014428971
0.003579098 0.007372979 0.005101718
0.0048697637 0.0021007918 0.0015459284
0.00383302 0.008831639 0.01020202
0.0037664815 0.003793072 0.002055347
0.0029134073 0.0044750646 0.0043801423
0.0028001221 0.004655199 0.003034044
0.002894757 0.0042320713 0.003529504
0.0040592924 0.01029733 0.009315573
0.0032372528 0.007612761 0.0046105348
0.0033997954 0.005182281 0.0035535228
0.0043689744 0.0053659305 0.0038600788
0.0032899843 0.0022442304 0.002573762
0.0040705153 0.008542737 0.00932895
0.0025778909 0.010565834 0.008139651
0.0035263363 0.0032800771 0.0024639629
0.0024560424 0.006422486 0.007132236
0.0033180926 0.01519121 0.013115967
0.002276584 0.00922868 0.007696379
0.003072212 0.0085802935 0.008782696
0.0031255751 0.013662005 0.012977509
0.002436626 0.0034450367 0.0032685436
0.001958758 0.0038058124 0.0023241118
0.0038270317 0.0021305718 0.0017181002
0.0045030373 0.008105738 0.0062422883
0.0032069932 0.004522279 0.0045377724
0.0034554289 0.0024457797 0.0013684556
0.003844367 0.0030109137 0.002558358
0.0046653408 0.008441357 0.006779935
0.004065098 0.051752698 0.05213278
0.0041476944 0.01633128 0.011504108
0.004075358 0.0075565986 0.0058353804
0.0025222981 0.0034503415 0.0024990551
0.0033644007 0.01328259 0.015085586
0.0042984975 0.0027771443 0.0018311888
0.0049843537 0.0039647855 0.0022977926
0.005409423 0.0032982677 0.0015621111
0.005247287 0.0044030882 0.0055177137
0.0049990434 0.017652068 0.019194435
0.0027014192 0.016116256 0.014391892
0.004816612 0.010878891 0.01006964
0.0035666935 0.017415578 0.013053285
0.0036192038 0.020435056 0.012722306
0.0048534423 0.019341074 0.008753497
0.004240782 0.022103235 0.01963403
0.0028394095 0.020428212 0.028225673
0.0033869557 0.0052331276 0.005209662
0.0041030734 0.0075511 0.005609855
0.0040827123 0.013754899 0.010231536
0.003459631 0.0041542687 0.005497869
0.0026753952 0.020336356 0.027715236
0.0031369159 0.00511143 0.0045450814
0.0031108905 0.0048850738 0.0025852695
0.005161662 0.00567732 0.004727252
0.0032678451 0.0018208139 0.0013299398
0.003383668 0.0028378963 0.0017763674
0.0027557767 0.0073371753 0.005105987
0.0049607963 0.003732413 0.0033988878
0.0039181723 0.00641077 0.0077387393
0.0030746043 0.006405674 0.0040401854
0.0031478524 0.008373465 0.0066379905
0.0031319147 0.0030419342 0.0016814694
0.0024910204 0.01695196 0.02026694
0.0036482725 0.011229962 0.009819837
0.0036539517 0.00696446 0.009713376
0.003484585 0.005388703 0.0060198605
0.004393754 0.010422505 0.014541211
0.0029755633 0.017918877 0.013335673
0.0035193989 0.013809299 0.01208866
0.0046943584 0.005396001 0.0046098493
0.0024814599 0.0058637634 0.0033262968
0.002303569 0.00617064 0.005112946
0.0035644912 0.017400058 0.016898852
0.0035333426 0.0040598176 0.004292462
0.0031789846 0.005898904 0.004379593
0.004376863 0.0041459836 0.0034717247
0.003710784 0.005659055 0.0031626746
0.0036724124 0.0061844066 0.0085743945
0.0038884648 0.012553025 0.011423856
0.0030386 0.008943986 0.0052361935
0.0031598434 0.015195956 0.021149328
0.0037892216 0.01088726 0.008302186
0.0038054788 0.0029818304 0.0018182173
0.0040582474 0.008499205 0.006257411
0.0020498207 0.00658701 0.004062485
0.002568723 0.0034060366 0.0029327981
0.0031150293 0.00400218 0.0051485933
0.0038408008 0.0025859624 0.0012628846
0.0023908042 0.005135108 0.0054522343
0.0026350114 0.008038724 0.0077005606
0.003463386 0.0047639087 0.0033744946
0.0036170005 0.0037076473 0.004179336
0.0043775016 0.022240676 0.0070990883
0.005008387 0.010417674 0.011632355
0.0030569795 0.013909558 0.00942111
0.0037044175 0.0059194267 0.0041528046
0.0032613159 0.010264408 0.0065545775
0.0050411723 0.0032818355 0.002516795
0.0031258755 0.0041538365 0.0036385544
0.0031094102 0.010643002 0.010827769
0.0027485741 0.0034769159 0.0041916594
0.00267705 0.0115666 0.009051012
0.0029561562 0.0030613206 0.0025789514
0.0033772811 0.002399452 0.0027055442
0.0029138203 0.0074619018 0.008819612
0.0033921958 0.015629517 0.0146515425
0.0026196619 0.003226377 0.0025227442
0.0036921704 0.008261183 0.008039631
0.004635954 0.0027866699 0.0033546574
0.0033363912 0.0022813343 0.0018849075
0.0029055001 0.008269496 0.011323772
0.0034992043 0.012202546 0.011755865
0.0028022123 0.002042085 0.0014228188
0.0037695814 0.0072905924 0.005967956
0.004003241 0.004906852 0.0031645522
0.0037221506 0.013363566 0.012572423
0.0030268354 0.0042034276 0.0032029934
0.0022503552 0.0033407323 0.0028120205
0.0032437274 0.0037482902 0.0046767704
0.0018331181 0.0028434433 0.0023837015
0.0036813307 0.011411468 0.015451344
0.003616054 0.007385485 0.005086232
0.0026227236 0.010257078 0.006599849
0.0031169278 0.0042692013 0.005259782
0.0035648437 0.06682692 0.06338965
0.0030866554 0.0040754825 0.0031032562
0.0036937983 0.0033315457 0.00586606
0.0038316646 0.0028186701 0.0028296895
0.0035110493 0.010440735 0.0073822774
0.0028339967 0.0029659756 0.0019420087
0.0045081214 0.0024772808 0.0020598918
0.0032709204 0.0054913424 0.004107291
0.003932876 0.010231014 0.008083649
0.0029740937 0.012687506 0.010287536
0.0042940225 0.006620437 0.0037092045
0.0053284685 0.0059234463 0.005347848
0.002774647 0.023448566 0.020904763
0.0042092055 0.008323828 0.0064844973
0.0047783856 0.0030740537 0.0035280883
0.004139457 0.0032099336 0.0023182854
0.003992267 0.01653554 0.016260065
0.0024550168 0.0042700917 0.0038957298
0.0037496225 0.0038954467 0.0030710176
0.0048337798 0.0023110174 0.0015618503
0.0041324585 0.0061761923 0.0065351687
0.004488849 0.0075443387 0.009075558
0.0033369772 0.009954564 0.007050026
0.005027417 0.0031691045 0.0025168695
0.0042450796 0.004352428 0.006186437
0.0047269166 0.0040155686 0.0029693246
0.003148403 0.011058107 0.020591209
0.003950453 0.0037014 0.0033631064
0.0041907206 0.0030279383 0.0018986613
0.0037697833 0.0031347983 0.0019818135
0.0037668534 0.008932639 0.0076656267
0.0029475754 0.0068584513 0.0050496478
0.0023658893 0.017110068 0.01939962
0.0037941951 0.0041383132 0.004850682
0.0033197054 0.0062093697 0.0052775852
0.0029158597 0.0042254142 0.0029655322
0.0045132423 0.0073952153 0.0073890574
0.0030304051 0.008305328 0.0050114077
0.0037844852 0.0035282262 0.0023677014
0.005292134 0.004168149 0.0038974285
0.0035471849 0.006485952 0.0043082386
0.0025890968 0.0026186407 0.0016547218
0.004109155 0.005924184 0.0035766661
0.003658101 0.012742337 0.010508992
0.003879818 0.017365783 0.012312435
0.0033382103 0.004333677 0.0029828623
0.0034691058 0.0076745003 0.008120678
0.0036352128 0.004173707 0.00384124
0.0032546276 0.01891472 0.024744494
0.0045262123 0.025934024 0.023267774
0.0026623425 0.0074153356 0.0071566664
0.0037922596 0.009780735 0.007286871
0.0034808002 0.0047885105 0.002605699
0.0034482777 0.0045978166 0.003291471
0.007013831 0.003332004 0.001537215
0.0040331534 0.013492489 0.0057623237
0.004036259 0.005340971 0.0033971071
0.0032720647 0.0032802336 0.0021172091
0.0039360295 0.0061842725 0.0033859834
0.005661571 0.01009398 0.0074661
0.0052616163 0.005641997 0.003996726
0.004535601 0.0067468137 0.0075002834
