0.27874276 1.0574725 1.0541061 1.0470867 1.0906549 1.0404599
0.36598015 0.13070789 0.06700487 0.043721657 0.047912735 0.048934497
0.22989243 0.042014353 0.04026005 0.031822406 0.033203747 0.039974485
0.22600202 0.08496441 0.074518025 0.07983586 0.07846334 0.080604315
0.27084145 0.13205874 0.16873637 0.12931213 0.1260691 0.12067539
0.13040847 0.026372232 0.009563006 0.009598885 0.012910213 0.009336922
0.13016407 0.045162912 0.021747323 0.025398254 0.03569253 0.019999959
0.108784795 0.092325345 0.08011122 0.08289672 0.08669565 0.07709
0.24211249 0.103586316 0.06043174 0.0774472 0.07178927 0.086557046
0.099591464 0.046699602 0.01381319 0.01840629 0.010270108 0.01763813
0.10424414 0.044816684 0.039689586 0.04676627 0.03265453 0.055959232
0.10191315 0.038030807 0.021060303 0.013421295 0.021707358 0.024792584
0.08120631 0.025699874 0.009113578 0.012870945 0.019496787 0.01612714
0.060529176 0.024045492 0.018240605 0.01346031 0.016719932 0.01921226
0.16135651 0.0488707 0.027545543 0.026803754 0.02083113 0.030326845
0.13004301 0.12055532 0.08938328 0.0681092 0.08645188 0.060711544
0.11983098 0.051267914 0.029597852 0.02779793 0.033382334 0.029995052
0.09564122 0.043622207 0.013244595 0.018708153 0.020467296 0.015882652
0.08360209 0.055871513 0.036002904 0.037148073 0.045911025 0.03529196
0.10643026 0.032041755 0.014558408 0.018002534 0.018854467 0.016824355
0.109860644 0.011794809 0.005012244 0.003726337 0.005404219 0.0045355055
0.118740365 0.045946226 0.022512624 0.01307914 0.016821718 0.020365028
0.109867096 0.04380668 0.015404098 0.009175196 0.012848003 0.013471719
0.1210982 0.022514833 0.021174604 0.013493342 0.017871719 0.018313585
0.11393687 0.022822822 0.008941285 0.0050706565 0.0065747555 0.014003271
0.089314595 0.061423656 0.0482192 0.027600087 0.036787294 0.031102512
0.07742644 0.034461632 0.03267796 0.013187809 0.02251944 0.03141937
0.111716814 0.05005983 0.0398789 0.026747083 0.034527756 0.03485871
0.12623367 0.04018233 0.014123138 0.007858237 0.010259168 0.007329488
0.11953262 0.044667732 0.02339369 0.020262359 0.017831005 0.020217208
0.09111038 0.034856997 0.025613151 0.015188176 0.014985172 0.02498866
0.09460792 0.057282507 0.031149706 0.019922802 0.03018915 0.021352664
0.103065014 0.07520886 0.071598426 0.07217979 0.07440149 0.062308107
0.10766364 0.04509581 0.04442421 0.03607172 0.016913706 0.014254395
0.08488636 0.016291391 0.019219304 0.011947684 0.029408991 0.017147379
0.08583652 0.015110841 0.016982459 0.017755654 0.011585699 0.012010973
0.08064108 0.031396717 0.0194585 0.023634981 0.020332215 0.04338204
0.06987023 0.015320741 0.011583039 0.011878129 0.0066284835 0.009606216
0.11246288 0.030985683 0.0224582 0.01825792 0.020320656 0.031840324
0.05750703 0.019726146 0.012527261 0.0070042238 0.007489184 0.008258291
0.097602434 0.025562594 0.025039535 0.0084164385 0.013730869 0.014958603
0.10795824 0.015023518 0.007696498 0.005854415 0.005570151 0.005519269
0.08054774 0.025731968 0.013720633 0.014838596 0.028448487 0.011577964
0.08185857 0.048418093 0.04498811 0.03645367 0.039400276 0.053388294
0.077292494 0.011754226 0.016958134 0.0095355045 0.017113755 0.024288926
0.17108242 0.009948971 0.008893229 0.0027588587 0.0042356886 0.0054864287
0.09470595 0.035347745 0.03193808 0.031969342 0.034907233 0.031588122
0.09864289 0.025635617 0.010399472 0.0067178495 0.013564475 0.011785783
0.1032947 0.0098369345 0.007305743 0.0055959765 0.006534254 0.0034043118
0.08970826 0.0115116555 0.01120745 0.0055943225 0.010833103 0.0043787174
0.059030548 0.020714225 0.024770044 0.022452896 0.023711134 0.030220097
0.085068 0.027608061 0.010243017 0.0103501715 0.017840073 0.01458272
0.06564842 0.009200115 0.008409971 0.010949895 0.0066782795 0.005357854
0.07678444 0.030182868 0.0194179 0.022137858 0.022685153 0.028983826
0.088323936 0.03222668 0.014350833 0.013392847 0.013231294 0.015525166
0.044793352 0.117150426 0.038274527 0.0664032 0.059501957 0.038742602
0.10771549 0.019511383 0.018087197 0.013753675 0.014541812 0.021769615
0.106450394 0.039984535 0.03870251 0.021759119 0.01926062 0.020034032
0.08002961 0.016479956 0.022166027 0.0049054474 0.02040492 0.012595598
0.06174348 0.06209105 0.036910225 0.040739316 0.031902347 0.049346544
0.094375834 0.04249889 0.013099906 0.027129257 0.022205722 0.025061687
0.08469373 0.01451024 0.0062639937 0.014669735 0.018582795 0.013870766
0.11858176 0.02966964 0.009527683 0.01744166 0.005919479 0.01059651
0.063918605 0.0693095 0.033373874 0.033140894 0.032948755 0.033789806
0.07402418 0.049243547 0.027046164 0.033909056 0.030208478 0.036639508
0.079760104 0.06120101 0.041827735 0.038384307 0.030990794 0.046909478
0.059087634 0.02536673 0.02001344 0.02071249 0.018179778 0.017738406
0.06783847 0.011689683 0.005532399 0.0044803265 0.0037120916 0.0045387894
0.07963283 0.051548224 0.02131828 0.017313387 0.012618893 0.032794878
0.08856737 0.047590047 0.026587078 0.033674892 0.019905271 0.023190232
0.076043256 0.03782463 0.039989397 0.042423915 0.047825094 0.034161933
0.12594081 0.06255233 0.025641942 0.054492347 0.062474422 0.057140157
0.05014987 0.018848259 0.011143247 0.008150682 0.009220013 0.01388542
0.103043854 0.012210261 0.0047788788 0.012984853 0.010159658 0.008650279
0.23286569 0.024081701 0.010680882 0.0037583224 0.00901394 0.006140234
0.23010913 0.050284214 0.009913636 0.016577564 0.005716216 0.009006444
0.16533294 0.038937666 0.011310812 0.010039924 0.01399092 0.017493073
0.18614455 0.028053682 0.013236638 0.0071503893 0.011474941 0.010699719
0.4044157 0.047374412 0.015262941 0.008767687 0.009399431 0.015098657
0.16099742 0.06755595 0.04096546 0.02085129 0.03105433 0.022703867
0.17789948 0.039648112 0.028357647 0.02950283 0.0150593035 0.018921558
0.24872322 0.04411336 0.010317864 0.011235211 0.008827809 0.01492185
0.11952656 0.0640939 0.019193435 0.022370117 0.029775273 0.023359705
0.4227875 0.029310554 0.0321053 0.01313054 0.014443809 0.023419103
0.4432785 0.052866094 0.02180863 0.025992543 0.014945891 0.03299424
0.4836263 0.03537338 0.009463578 0.0042892527 0.0036476105 0.009073317
0.12058275 0.0223511 0.015259592 0.011269277 0.007874096 0.008907529
0.37348232 0.05238244 0.013866389 0.004647039 0.011008877 0.0070400983
0.12785551 0.032099597 0.019816333 0.013446361 0.017194394 0.0031861253
0.35029396 0.11723885 0.069214985 0.04005316 0.032788794 0.043684322
0.25418937 0.03737748 0.008925039 0.004704058 0.0036981031 0.00255882
0.23785707 0.060010836 0.04100982 0.014163662 0.03034114 0.02258532
0.25113136 0.09938203 0.07289413 0.03171768 0.02865574 0.04112206
0.37494496 0.036231026 0.017952166 0.0063628573 0.004595449 0.00474889
0.17243852 0.017464366 0.009601504 0.0024383105 0.0051634125 0.0027362183
0.35958233 0.052460928 0.012233643 0.011798732 0.019663071 0.009018043
0.300692 0.055991326 0.025321836 0.018041331 0.02068388 0.019565385
0.28710136 0.054520763 0.031948444 0.026102329 0.020596985 0.02961066
0.13669024 0.031884577 0.022977829 0.018519696 0.015722819 0.02637705
0.09114286 0.017823517 0.0059402958 0.0017503276 0.004468154 0.0046518333
0.13285416 0.012157001 0.009769991 0.003178399 0.0065014996 0.005877275
0.35705277 0.0757119 0.008455809 0.0062110685 0.023886982 0.021173596
0.26711315 0.030916633 0.013319101 0.0036414564 0.005437121 0.005770704
0.12027949 0.062979676 0.03763441 0.019559694 0.033604 0.024918016
0.23813963 0.09166113 0.061197545 0.056549564 0.05754809 0.04916517
0.27151892 0.030865738 0.01904666 0.010842685 0.0076900385 0.004231766
0.1909344 0.019627191 0.016371569 0.004246736 0.0066769775 0.0025531389
0.11096472 0.042194664 0.047478653 0.028168386 0.029601976 0.020890798
0.2754975 0.054332 0.024962483 0.031269882 0.021732591 0.019168459
0.32019287 0.01194172 0.0067629404 0.003316883 0.0055320915 0.013506267
0.46564025 0.074632354 0.02928741 0.03723775 0.040951822 0.03685857
0.3083787 0.03102912 0.010023519 0.009275854 0.0071340576 0.0066445693
0.42511022 0.052196484 0.014562089 0.008161508 0.007505562 0.005691644
0.07412454 0.020389022 0.020474233 0.018567163 0.018449487 0.013494529
0.11704862 0.029576143 0.015060665 0.015743716 0.03078154 0.01573614
0.10748685 0.042083293 0.018603595 0.016336782 0.011361284 0.011488978
0.24469158 0.030691233 0.02697339 0.0047590025 0.005178742 0.018018525
0.31217507 0.019665416 0.023107225 0.0017658509 0.0052873045 0.011163309
0.18331604 0.06921169 0.06097754 0.050030556 0.061306894 0.056423716
0.1780215 0.02291004 0.015298696 0.010155471 0.008464575 0.010478463
0.27872553 0.03976737 0.027448354 0.012507085 0.014467819 0.019570464
0.48367918 0.10947319 0.024585474 0.009288626 0.01260913 0.027721846
0.508306 0.051970866 0.033695403 0.017277846 0.011098286 0.015740491
0.6021598 0.028094083 0.013293089 0.004313197 0.015661173 0.009674614
0.33246407 0.050521456 0.011307187 0.0034515858 0.016770061 0.0060972087
0.2814651 0.029069196 0.0075998083 0.0039985366 0.00316583 0.0031314045
0.36131352 0.06271969 0.016940346 0.01699462 0.016288906 0.016944496
0.32274476 0.11561528 0.05162917 0.04554743 0.036952157 0.047862574
0.15315881 0.047462747 0.02469271 0.012718435 0.020997034 0.021340685
0.31794533 0.040782202 0.019697363 0.0053512305 0.01293743 0.0038402602
0.21524261 0.051004115 0.03219318 0.02956057 0.019043738 0.020463822
0.38031104 0.050151736 0.04239563 0.02632472 0.037783064 0.046891194
0.32556522 0.04579711 0.016007245 0.0073449686 0.010766709 0.0095873065
0.3304697 0.091641225 0.026978886 0.019624345 0.00948526 0.01805128
0.25186473 0.05063371 0.021974098 0.019529356 0.027205504 0.022239547
0.29327717 0.06036508 0.02305718 0.01861987 0.028090755 0.023259183
0.19616748 0.02000058 0.011659212 0.0034898818 0.0055677146 0.009519726
0.24321243 0.07335374 0.041225325 0.02013078 0.031437747 0.027211348
0.18936402 0.020101458 0.0018907823 0.0042914115 0.00612735 0.0017203838
0.2021435 0.024144154 0.019430684 0.007859247 0.0051893145 0.018176123
0.39086127 0.032762785 0.008415725 0.0116294455 0.017494926 0.008704042
0.17298386 0.045444578 0.012739079 0.005804606 0.009434219 0.007324962
0.21095315 0.017033622 0.0051583424 0.0028721392 0.004528694 0.0025455765
0.40340474 0.038135022 0.005642809 0.0062754806 0.0025466532 0.00254488
0.32648852 0.047925357 0.018083613 0.007095635 0.015397903 0.007568164
0.25054893 0.019174824 0.0108477045 0.0038142987 0.007173959 0.0049676113
0.30987832 0.088600546 0.04743614 0.042428333 0.036183894 0.039036866
0.24283345 0.044738892 0.011973299 0.012144489 0.011223776 0.009744354
0.2886589 0.04644959 0.017556079 0.00394094 0.011675203 0.013940966
0.09163994 0.013775583 0.009920146 0.008678593 0.006967671 0.007486753
0.10522929 0.015004648 0.010687858 0.0068408903 0.010511972 0.00887863
0.17805295 0.051531773 0.018148767 0.010239368 0.00972582 0.016642358
0.23095728 0.023737367 0.005263794 0.0032241344 0.0041130222 0.0073914826
0.3162474 0.046438593 0.022781951 0.008623153 0.010190733 0.021905918
0.2913201 0.07164153 0.018350003 0.017195547 0.007498745 0.018439934
0.3806474 0.033685468 0.01448011 0.012282431 0.010857943 0.015025921
0.4333395 0.106176816 0.040671017 0.014578471 0.02082843 0.028063659
0.15079035 0.09869721 0.047128517 0.06480618 0.08264131 0.07154836
0.46094325 0.064923674 0.029498734 0.011623848 0.016007736 0.007257279
0.2727268 0.05291885 0.016927894 0.018846208 0.012850761 0.016647292
0.36702392 0.03350113 0.022672178 0.004383769 0.0043595247 0.0053701624
0.23554063 0.03304199 0.016127339 0.0022506118 0.0072696917 0.0049920157
0.2755662 0.027388416 0.019015806 0.013094151 0.0048798434 0.0040992554
0.5355385 0.08292493 0.029938271 0.019216513 0.03673669 0.020462168
0.19467047 0.03867189 0.008719683 0.0034160577 0.008120172 0.0077296346
0.15538898 0.022973573 0.010932494 0.0041359775 0.009496734 0.014872925
0.42639434 0.031148192 0.017305631 0.0027926452 0.004399523 0.0067521892
0.104943834 0.015158948 0.006909672 0.010562737 0.010799877 0.005308436
0.05881307 0.0034046099 0.0023786873 0.0013062544 0.0019210577 0.0025909543
0.14864662 0.077560835 0.013886195 0.019135468 0.014005508 0.009627137
0.16859841 0.015082195 0.012057602 0.0065733977 0.0054483116 0.0054882914
0.10638285 0.069252335 0.034488615 0.005227413 0.021572772 0.03023644
0.1022592 0.024313621 0.003731329 0.0065078028 0.0045809373 0.0036999546
0.11224329 0.036450505 0.022456734 0.014973279 0.013397273 0.01116576
0.10864719 0.04104861 0.0067016277 0.010125954 0.0023106262 0.0060470104
0.048318334 0.013124552 0.0036633946 0.0044376478 0.0058558974 0.001977995
0.15168402 0.06318967 0.024305757 0.036659215 0.038328312 0.020066414
0.094010904 0.016300527 0.014596971 0.008536879 0.008132277 0.011591546
0.17053634 0.07232303 0.009006932 0.008721 0.010319069 0.0052828845
0.2027173 0.051107507 0.020822087 0.013652941 0.0064704344 0.012382701
0.18882029 0.010326028 0.021255987 0.003991954 0.013753867 0.009556439
0.17964688 0.032830104 0.014106868 0.02596602 0.012292435 0.009799089
0.4640409 0.04988534 0.004577134 0.0021819249 0.0023320466 0.0029673167
0.35717648 0.03536021 0.019198084 0.011700755 0.014171615 0.022840204
0.5149411 0.05892381 0.013927979 0.004497284 0.009591624 0.008131454
0.23955627 0.047791682 0.019251592 0.011652606 0.016304433 0.009556945
0.31839865 0.027225364 0.0289619 0.0060436204 0.0060308687 0.0057925954
0.5654631 0.056907047 0.011731319 0.005365446 0.012195766 0.007177748
0.36533013 0.027942803 0.010641128 0.0021481402 0.005377777 0.009561101
0.12235648 0.011765428 0.0052528456 0.0030927733 0.0030859374 0.0061524175
0.086857945 0.011032958 0.0038340986 0.0035886168 0.003291767 0.010384459
0.050510406 0.029180476 0.010841768 0.01922808 0.0166778 0.027022308
0.10095848 0.04857203 0.04645074 0.033833697 0.036850143 0.069027916
0.090112194 0.02787061 0.015089122 0.024129206 0.02105148 0.024457473
0.08686291 0.015878689 0.0050666817 0.011455329 0.0061405078 0.0076153874
0.0728807 0.039589275 0.010981847 0.019055981 0.0143211 0.013799492
0.2578145 0.032938413 0.018599123 0.0072304364 0.015545819 0.016268801
0.11060694 0.08340773 0.05453765 0.031120032 0.041895278 0.030964378
0.1639516 0.043786503 0.0051484965 0.012182299 0.00916766 0.004758533
0.19884677 0.039039947 0.007055087 0.0073738787 0.010109901 0.0057123955
0.167767 0.031015184 0.031096622 0.017669622 0.016002629 0.020971738
0.3645036 0.114826664 0.0053372607 0.010417776 0.019901935 0.0065225326
0.07703217 0.029952487 0.013828155 0.019078083 0.022810172 0.011978492
0.079818025 0.009947654 0.005956348 0.0017370842 0.0040694214 0.0032754913
0.11240589 0.024698392 0.007985199 0.010456614 0.007567752 0.008789981
0.07076256 0.009079615 0.008712096 0.004681878 0.005928077 0.015235733
0.1784284 0.077319175 0.01212641 0.010407452 0.016734265 0.01423249
0.12340705 0.020091495 0.009598687 0.0040675662 0.0045653284 0.008235397
0.083815865 0.006611835 0.004934082 0.0019661486 0.0019334815 0.0027727336
0.05696726 0.03177192 0.0073189624 0.01637872 0.012169054 0.0075843316
0.035612028 0.014814293 0.01529309 0.010240838 0.015383076 0.019242862
0.0409408 0.018651525 0.008353792 0.015010644 0.014191654 0.006733436
0.07148465 0.03285328 0.016031548 0.017304622 0.014334785 0.018246302
0.050758068 0.0070619807 0.005607497 0.001581762 0.0026031695 0.0038249865
0.11841087 0.0078038387 0.0028167479 0.002153065 0.0021135025 0.0028669573
0.074542284 0.012439504 0.008911006 0.007145293 0.004178442 0.002158936
0.08005069 0.0199158 0.03095436 0.009815406 0.014514726 0.014716949
0.057291146 0.015159287 0.007852867 0.007873502 0.0068164077 0.0050305575
0.07959697 0.009525299 0.00568074 0.00543933 0.0065012593 0.0077144466
0.082092814 0.015682077 0.007866183 0.008738171 0.008561093 0.008144483
0.06107293 0.0070159845 0.004263021 0.0024593323 0.0037009194 0.0052370857
0.053477544 0.033629924 0.03157335 0.018066047 0.024914648 0.019559342
0.09515658 0.020492252 0.008995187 0.011057612 0.0052050985 0.004853528
0.08552968 0.014750779 0.0068174414 0.0053366907 0.0022200234 0.0031114742
0.062923834 0.038513243 0.032676063 0.038797356 0.033500403 0.035754178
0.071510695 0.041263137 0.031439688 0.034443587 0.04533815 0.040211495
0.2335669 0.047548406 0.034166794 0.00888288 0.009570885 0.01211164
0.07094744 0.018209241 0.0027466677 0.0027152896 0.0029710755 0.0035675503
0.1162105 0.026409362 0.010224972 0.0051993653 0.005584415 0.006456692
0.0762302 0.017796077 0.008120958 0.00764025 0.012970516 0.012772681
0.11754797 0.03535138 0.03021409 0.024594557 0.021336121 0.029319912
0.16620345 0.019475907 0.007059112 0.0060159545 0.0017348751 0.0031616613
0.18896492 0.08812041 0.047003448 0.04867278 0.06503393 0.03483949
0.22786029 0.024431273 0.0066098385 0.013993148 0.010421561 0.010497943
0.15307848 0.019527856 0.009571826 0.006236214 0.008925714 0.010397024
0.23436667 0.043698844 0.010816079 0.007915378 0.004120961 0.005308708
0.12643209 0.012355208 0.0071215015 0.017880661 0.0025448464 0.005690733
0.08523325 0.045822546 0.025265569 0.022434697 0.029655248 0.029509638
0.09301056 0.03102368 0.008697651 0.0167825 0.010925805 0.0064683855
0.16968727 0.032804787 0.027979106 0.014273947 0.01696029 0.009817509
0.26457685 0.047404476 0.008622205 0.021845102 0.007251028 0.0076133236
0.28677562 0.032610923 0.015202649 0.0095235 0.004911717 0.0066159293
0.14636561 0.025640689 0.011958037 0.0014372766 0.004214946 0.0021067336
0.2646524 0.10432309 0.028687175 0.014553247 0.008124456 0.016521439
0.36239016 0.031181408 0.04363088 0.015825842 0.010836333 0.023869114
0.4987075 0.062312607 0.010540824 0.0022972077 0.0057242885 0.0117465705
0.17294571 0.022531502 0.01675102 0.008182906 0.004088167 0.0092048645
0.3409015 0.04301359 0.024434183 0.02021039 0.022615502 0.017749172
0.23346747 0.035572432 0.01968099 0.0036548693 0.011127852 0.00896544
0.4405941 0.051587246 0.018866548 0.003330864 0.00441245 0.0034909658
0.33279115 0.06814675 0.014136594 0.0072423723 0.0069689956 0.012177754
0.09720724 0.018762944 0.016924473 0.0035833903 0.0054975785 0.013595734
0.12254021 0.06333693 0.065909 0.0364462 0.02728498 0.03821943
0.07756794 0.013083998 0.007538881 0.0038349163 0.0045215636 0.003970176
0.10132596 0.015914325 0.0071950257 0.005307503 0.0040699095 0.0070275012
0.15997912 0.04199541 0.02169717 0.0199171 0.014369706 0.015309356
0.22041549 0.04864709 0.009996435 0.0070475433 0.00776574 0.010041639
0.2763855 0.027774956 0.005228471 0.003336262 0.006394759 0.0081123
0.33346367 0.030778423 0.013036286 0.0062206183 0.0068356693 0.0118488725
0.29856646 0.042726662 0.017898366 0.013919916 0.021693224 0.011479296
0.23478726 0.01431679 0.0071633123 0.003042668 0.00256766 0.0036875568
0.3279221 0.09252283 0.011621557 0.018873928 0.017468575 0.017972905
0.122682855 0.022956153 0.03214781 0.009745769 0.017560882 0.028711276
0.18037216 0.03878124 0.0145589635 0.006108284 0.004423214 0.008408578
0.25167686 0.03633531 0.042218905 0.0049039833 0.005789209 0.006757157
0.44865906 0.059041977 0.04309877 0.010808848 0.012313876 0.006704081
0.21280973 0.03726993 0.02436456 0.016571574 0.015894663 0.024347171
0.18416612 0.03997622 0.0058405437 0.0031817146 0.0037163906 0.007028237
0.22761104 0.053897757 0.013595998 0.0061264373 0.014176035 0.0070383623
0.26053748 0.033832204 0.017995842 0.0046079047 0.007915173 0.011004923
0.10968129 0.024414605 0.015716974 0.0074396003 0.005943261 0.009959504
0.14691503 0.041447688 0.014228184 0.018958151 0.009903679 0.029163143
0.070451 0.012687098 0.008169513 0.007082885 0.004429437 0.007024765
0.25349903 0.037530575 0.03622349 0.014174746 0.021466125 0.02276802
0.1003356 0.020114645 0.01183619 0.022863334 0.0065505877 0.008601157
0.12013066 0.019405082 0.0078399815 0.007446667 0.006267993 0.007810306
0.12512125 0.027137518 0.017132694 0.011745645 0.0074619763 0.004217699
0.05266099 0.027225977 0.008311799 0.008957617 0.004571542 0.011932889
0.04332972 0.005691752 0.007814178 0.005010793 0.004254721 0.0063451063
0.043745294 0.005469434 0.0046315454 0.003681153 0.0050192066 0.012021763
0.06806091 0.032143142 0.043567482 0.018773494 0.032240856 0.014211066
0.041869372 0.004076332 0.015328636 0.0027818345 0.010259049 0.026300024
0.08092493 0.032714847 0.016999848 0.023127314 0.01483584 0.02679615
0.1632641 0.02692394 0.012061728 0.009047242 0.0064971875 0.006146727
0.23540716 0.061785243 0.017394055 0.022302628 0.020957459 0.017322468
0.300546 0.04794564 0.013179058 0.0096898265 0.0074722897 0.012144599
0.11124503 0.031213699 0.014475577 0.00988931 0.013211859 0.015127186
0.1813357 0.03256988 0.013207981 0.010088297 0.012204815 0.015323453
0.45973074 0.0389911 0.020340342 0.0025429912 0.005198382 0.0037703663
0.37839794 0.059565138 0.011923654 0.007860508 0.008723345 0.005833525
0.13633905 0.018368449 0.011766311 0.002458971 0.006342247 0.008221244
0.29719168 0.05168801 0.024156114 0.019611234 0.01764329 0.022972558
0.42487895 0.031010678 0.013299363 0.0061539244 0.009943603 0.011135764
0.2762424 0.038876675 0.011447409 0.0019421428 0.003308542 0.011592954
0.05900291 0.0074030682 0.006857764 0.005466519 0.008519981 0.011574497
0.07276411 0.00786002 0.0031927936 0.0023344085 0.0034428947 0.002447743
0.065272175 0.009944387 0.003106568 0.0028838478 0.004350662 0.0037519094
0.07547838 0.009975165 0.0023831353 0.002001766 0.0066533964 0.0026542954
0.10527671 0.032887068 0.004234746 0.0063493326 0.00559552 0.0025189929
0.051474754 0.020962862 0.0114226565 0.016990133 0.014603827 0.01583008
0.064220205 0.022416327 0.014480606 0.022287546 0.027568676 0.019681286
0.053677063 0.009077199 0.004116174 0.005010674 0.007290503 0.011659972
0.046358693 0.043774545 0.01635874 0.0040878896 0.012634626 0.017611202
0.058894455 0.011028649 0.0067762043 0.012421986 0.006525032 0.013320861
0.07225659 0.008396681 0.017520998 0.009516459 0.017478801 0.012403514
0.042757295 0.021020701 0.010467203 0.011277616 0.010462245 0.011106538
0.061225533 0.017719703 0.009087009 0.0056876224 0.009664169 0.0062696133
0.03807294 0.009395134 0.004282184 0.004377641 0.0043387935 0.0062270984
0.0656031 0.011339247 0.004639404 0.0051393956 0.0039422885 0.010275949
0.044367027 0.009672221 0.006321758 0.003363192 0.0047289412 0.00475261
0.023132144 0.0070210434 0.00831686 0.006062299 0.005811926 0.011071697
0.07384009 0.01498851 0.013562681 0.004171446 0.008507704 0.005672274
0.0335973 0.015201552 0.016439822 0.0052066892 0.0118062105 0.0034885556
0.047098845 0.033284653 0.015267346 0.016289875 0.013152057 0.035091408
0.05016655 0.0060445145 0.0027138777 0.0032011308 0.003830921 0.0037870072
0.05296298 0.0046139956 0.0024935901 0.0043513477 0.0016988479 0.0026025549
0.060775686 0.05135913 0.033002358 0.03276096 0.04435395 0.033120643
0.02880973 0.006363943 0.0042267926 0.0041250996 0.004296003 0.006677527
0.08710986 0.014553752 0.004200224 0.0045951717 0.0044814274 0.0039591677
0.048383124 0.02197453 0.005182553 0.009553103 0.006692631 0.01680765
0.06295955 0.009546027 0.003507316 0.0012357794 0.00231307 0.0048854053
0.06615768 0.041228056 0.0077756383 0.0144371 0.014630206 0.006705653
0.052366313 0.021796044 0.030838516 0.014027091 0.025684483 0.019133385
0.056529522 0.008956958 0.009037936 0.008228237 0.011900788 0.009989221
0.053381402 0.01848185 0.019168537 0.0080500115 0.009705225 0.016950235
0.037592985 0.0068350025 0.0062098615 0.007832505 0.012501761 0.011728011
0.07514798 0.035855837 0.007895235 0.01226081 0.0062999725 0.013193628
0.040560838 0.009307152 0.0074348375 0.0041805636 0.0033708364 0.0060064234
0.06971139 0.01639373 0.0075334907 0.0077862125 0.006067602 0.014871579
0.05816218 0.014488447 0.006384287 0.006960012 0.019955464 0.018064199
0.047199536 0.009669747 0.0065887924 0.006461527 0.008604318 0.006502047
0.07609714 0.038907077 0.024482425 0.051240478 0.027931588 0.04910458
0.08015104 0.02850699 0.027171968 0.011818707 0.023146722 0.024010302
0.05767665 0.020745797 0.012985509 0.0057404675 0.019773418 0.010601524
0.077760756 0.029455947 0.011307534 0.01325272 0.008150298 0.012470197
0.05899883 0.0143815335 0.0077336747 0.0062268153 0.013512893 0.00859575
0.04023592 0.008012887 0.009954818 0.005525943 0.0077444017 0.011128429
0.061011948 0.01725147 0.008409733 0.0055735614 0.009744726 0.0065743886
0.10297419 0.014605321 0.0022578686 0.0012950152 0.001512289 0.004704464
0.11073414 0.020392586 0.01389879 0.01301253 0.006984612 0.0110883545
0.050017856 0.01855184 0.009714728 0.011615146 0.0079570655 0.0050393157
0.055920098 0.039786026 0.0074655507 0.017378375 0.009648202 0.006243868
0.050362974 0.018082462 0.00615754 0.013599619 0.009133067 0.0055294987
0.114753686 0.01112809 0.013606416 0.005696891 0.0047509037 0.016351433
0.09556343 0.0142443925 0.0047271512 0.003779661 0.0033509172 0.0044391006
0.09365252 0.026447583 0.01414926 0.0072032847 0.006851217 0.007402681
0.09405947 0.03313677 0.05694543 0.010712726 0.03135527 0.059001967
0.14568199 0.025828252 0.0047101937 0.004726719 0.0030356199 0.0066738073
0.118102364 0.021584813 0.002534315 0.003907103 0.0034128502 0.004148897
0.12148545 0.009349912 0.009849876 0.004158631 0.011688778 0.0084033795
0.13901906 0.023720352 0.016100708 0.0045189187 0.012075415 0.009823652
0.1294696 0.011130486 0.0061613154 0.003097251 0.004170608 0.00651744
0.18283248 0.031745974 0.0067923777 0.006658435 0.006030336 0.0104203485
0.2426431 0.050980672 0.012107521 0.0062121004 0.01818048 0.008682603
0.16043404 0.048657294 0.011555983 0.024430491 0.023149516 0.006899927
0.1301906 0.030712482 0.0045217257 0.007211663 0.009021295 0.004658986
0.13572948 0.017443538 0.0069538206 0.0044803508 0.005643595 0.0035986155
0.25406438 0.02417142 0.010679156 0.0027959757 0.009754974 0.007885922
0.23703396 0.017717835 0.008687086 0.0051291287 0.012701623 0.019250281
0.12802091 0.012357511 0.002521038 0.0033374764 0.0024232864 0.0026028752
0.100868076 0.024500642 0.004839277 0.0051525943 0.0023981966 0.0034711473
0.1286908 0.020197155 0.004653776 0.0045291446 0.01050636 0.0033235252
0.08227794 0.04936872 0.0062657073 0.013530126 0.008768855 0.010266585
0.08976596 0.011507701 0.0025341474 0.00787702 0.0038084164 0.012873059
0.039896708 0.00932844 0.0029404871 0.0046101175 0.0069669858 0.0067271646
0.023775902 0.0055196304 0.010316692 0.002927363 0.0050149076 0.0053165667
0.045079686 0.009563487 0.004360102 0.0046369843 0.0052091237 0.0025007054
0.07729068 0.006411968 0.010420851 0.0048728436 0.0065746233 0.0051540565
0.026202466 0.0030873679 0.0033123903 0.002422627 0.0032838844 0.0042689852
0.046674535 0.018132558 0.009090567 0.0076293945 0.0050684847 0.0028101616
0.046852443 0.015761156 0.0061398037 0.0019542165 0.00333786 0.0032865852
0.041710652 0.013641935 0.009176116 0.014333604 0.016641084 0.015429268
0.06909276 0.012618635 0.0040067043 0.004001662 0.0042481236 0.005552944
0.04531893 0.01373256 0.008961402 0.003959764 0.0048180036 0.0047125723
0.03479421 0.013764925 0.021302734 0.008013073 0.0055060554 0.010931686
0.025089199 0.010791335 0.011076707 0.0087207295 0.0051262937 0.009338981
0.031754088 0.017680299 0.0031655282 0.0029317997 0.002929777 0.0036830492
0.06382669 0.00910541 0.0059353933 0.0016873702 0.001865916 0.005662471
0.03801945 0.01756312 0.016996969 0.010418378 0.017217355 0.0076046437
0.05584667 0.0075560585 0.008260451 0.005448494 0.0036877953 0.0061514974
0.03184994 0.0074408054 0.005445605 0.0029313639 0.006218901 0.008382039
0.04976916 0.008465141 0.004121907 0.0059372745 0.0027771294 0.002537895
0.048198663 0.014429074 0.0071607325 0.006289618 0.0059310384 0.004526451
0.08276001 0.031156735 0.0028758198 0.007785879 0.0069065094 0.009963132
0.10649798 0.011208441 0.0039011873 0.009738537 0.0062206164 0.0074034445
0.108827055 0.019502107 0.0026157834 0.0040884204 0.0032250471 0.005157795
0.20594452 0.02960888 0.0060331747 0.0019266158 0.00507598 0.006938357
0.16671927 0.023564102 0.010114472 0.007261185 0.007770572 0.0053453557
0.21857615 0.030338876 0.0071043186 0.0027757697 0.0032967739 0.006297108
0.31994733 0.06946544 0.010378536 0.0029903464 0.0031473972 0.0079943035
0.51831216 0.062362127 0.0073217265 0.003860034 0.0031911545 0.0061305314
0.18356033 0.038774174 0.02282136 0.038653567 0.030275574 0.017658422
0.12121488 0.028268052 0.009974306 0.00923356 0.007245779 0.0052899495
0.24420357 0.04442706 0.016035918 0.011771003 0.006721521 0.0073359236
0.18737464 0.042241726 0.0116771795 0.005010251 0.007058967 0.006067753
0.10140877 0.041580852 0.024873996 0.010122487 0.009591889 0.021622138
0.13198799 0.02530089 0.01094923 0.0018873736 0.002535604 0.0031413846
0.11521738 0.03269012 0.0075247735 0.0024232194 0.0043723863 0.0051536
0.1920114 0.027877176 0.00930188 0.0057188664 0.0025230646 0.005308885
0.19417213 0.02364894 0.006392982 0.0028396882 0.004671544 0.0064800233
0.20491853 0.03129469 0.010727245 0.0075225085 0.0040786564 0.00563344
0.38592324 0.038887177 0.021984443 0.0067307185 0.010684038 0.016073946
0.1701147 0.026999615 0.0107032955 0.0037769265 0.006444458 0.012794873
0.13532005 0.020433173 0.010873063 0.0039955825 0.004503526 0.003596373
0.11680859 0.032492943 0.010340195 0.0030693896 0.004841149 0.009025533
0.1744432 0.03085237 0.005870629 0.008282855 0.0027120821 0.0041776337
0.1728942 0.015513143 0.0067546107 0.0032065697 0.0035024881 0.005411379
0.13161656 0.027216177 0.0066526458 0.002302248 0.0015764795 0.003212802
0.116733134 0.047285613 0.00995845 0.030143652 0.00899414 0.0061736405
0.06749134 0.010648401 0.016848544 0.008761743 0.011043208 0.015786735
0.045405813 0.014698593 0.0131205935 0.008278914 0.014486436 0.011434574
0.11153327 0.00978243 0.003847018 0.0013433844 0.0018083677 0.004316151
0.08447963 0.019474328 0.002610907 0.0026665255 0.0026066452 0.0023080893
0.065975405 0.01802924 0.006153306 0.003875047 0.004600147 0.0067236796
0.037831508 0.013175197 0.003277231 0.0036473982 0.016706485 0.023826513
0.078287356 0.011839122 0.003878463 0.0021898858 0.0045007877 0.0094485935
0.07739842 0.013384219 0.007521959 0.0032179654 0.0026193112 0.0042248517
0.08787233 0.007287547 0.0032193586 0.0013728179 0.0034914613 0.0042491555
0.05364163 0.009179153 0.003402684 0.0048515163 0.0028129406 0.004568916
0.07289241 0.025214963 0.005017981 0.01010574 0.0047988705 0.0043339804
0.046680287 0.013134053 0.008630099 0.012339668 0.014565082 0.0037623085
0.04944028 0.012377702 0.00969143 0.0052283946 0.0066973716 0.0062215514
0.035964552 0.00950175 0.0059449505 0.005066529 0.004380716 0.013180271
0.059348676 0.013925064 0.005470451 0.0105766915 0.009932997 0.010379272
0.06930497 0.012207694 0.019873321 0.010526994 0.012024395 0.012260962
0.0645218 0.007819362 0.005700946 0.004690241 0.0066476706 0.004143391
0.03198369 0.0077852905 0.008318851 0.013704015 0.007595487 0.0058241
0.04709618 0.006175313 0.003183145 0.00278873 0.005268667 0.008466713
0.057674784 0.02102382 0.008357424 0.010177022 0.0049809553 0.009503527
0.08857079 0.024313483 0.015535675 0.008835118 0.007208064 0.011901524
0.039557718 0.0250381 0.02658483 0.017247718 0.024793167 0.037003763
0.053886555 0.011019137 0.0033931993 0.008142751 0.0032710135 0.0054853745
0.05451074 0.010346685 0.004465256 0.005192438 0.003996566 0.0034756921
0.04427931 0.012499429 0.006406352 0.0048394483 0.0075897854 0.007434696
0.053951345 0.012425104 0.0046236776 0.003238067 0.0018369146 0.005942192
0.07974434 0.014227064 0.006290702 0.005785346 0.003882371 0.007827615
0.060664687 0.013999026 0.006788891 0.012904994 0.009172598 0.0047456957
0.07601587 0.016855165 0.0045180395 0.0029633753 0.003397353 0.0029694624
0.07631016 0.031323448 0.010046557 0.0056675244 0.006416261 0.013804207
0.15590304 0.022445915 0.006631637 0.006155817 0.01600543 0.0042467546
0.10942487 0.024005525 0.004913982 0.006186437 0.010007074 0.01728179
0.06930887 0.011947356 0.011427807 0.009387063 0.021468624 0.020148614
0.042850904 0.011655092 0.005596444 0.0036459863 0.0034215339 0.00364976
0.03778056 0.018133452 0.01082528 0.00855693 0.007902138 0.005309496
0.038431365 0.022487171 0.009401131 0.0087388735 0.008863416 0.012437325
0.0791736 0.013828754 0.002713643 0.0025483966 0.002926916 0.0036097504
0.06549612 0.014257655 0.0016720742 0.0021852627 0.0016322061 0.0023993663
0.035696536 0.010738574 0.005816132 0.0063656885 0.005302619 0.003756512
0.047059335 0.01242898 0.00548891 0.0024630353 0.0038588494 0.018802393
0.05631859 0.010492004 0.0021829568 0.0027027056 0.008260779 0.013102677
0.042441845 0.01613526 0.0094624255 0.006688498 0.008135645 0.0043364316
0.05306264 0.0074147806 0.0028138384 0.002172947 0.003181059 0.003993541
0.04035969 0.023631841 0.020725377 0.023320355 0.014515306 0.0068795495
0.044636577 0.0088742785 0.008031011 0.0047243573 0.0036917776 0.0067843236
0.060372062 0.027666777 0.006841531 0.0028464422 0.008986268 0.009553932
0.038240474 0.010458335 0.0024846755 0.0025951825 0.001955606 0.0023104772
0.059777785 0.021555634 0.0105647985 0.008154437 0.017438006 0.024352664
0.06606446 0.025929704 0.0067647044 0.0064738784 0.009698834 0.015901081
0.094732925 0.017970739 0.007986899 0.014382431 0.0075320527 0.0071502775
0.029733796 0.01709998 0.009484794 0.003784597 0.004913911 0.0074171796
0.056150995 0.017932687 0.002717387 0.0018677823 0.0041275434 0.0035793483
0.046570957 0.02160948 0.020843437 0.004064724 0.012562789 0.005640121
0.056361698 0.014262915 0.0032734983 0.004961012 0.0022240952 0.0068057347
0.041660763 0.014139913 0.010217605 0.005334802 0.0068124793 0.0046481527
0.056564 0.022542266 0.021746192 0.03136644 0.024201535 0.014290538
0.04535059 0.010286331 0.0038322248 0.0041919015 0.0037442371 0.0038172752
0.0354033 0.007885359 0.0020587705 0.0029439442 0.002700653 0.0017558746
0.048784684 0.0071221627 0.0024548844 0.002682086 0.0048758127 0.005079884
0.0444839 0.004562415 0.0024577752 0.003095664 0.0015753023 0.002225455
0.061169285 0.007906776 0.0041592605 0.0038837306 0.0028621852 0.0047654696
