0.63536143 1.0889868 1.0305773 1.0848265 1.116495 1.0796689 1.0627428 1.0496691
0.62048924 0.03148698 0.042503104 0.028004305 0.020368733 0.05993167 0.08817358 0.037512705
0.4496172 0.059940577 0.0760319 0.07625959 0.07531886 0.14616194 0.11389096 0.10010004
0.39007747 0.0735503 0.0718733 0.04668916 0.046513844 0.06806627 0.09963712 0.15820083
0.568516 0.031765286 0.02530224 0.019764822 0.018570345 0.060511798 0.07039581 0.068560034
0.4678037 0.025502332 0.04809498 0.024056248 0.025908377 0.03777896 0.05571677 0.05052113
0.35635468 0.013571408 0.011348721 0.020134974 0.02035848 0.037879586 0.044084016 0.03785192
0.23049058 0.121835575 0.11614472 0.11499183 0.1305987 0.12683158 0.17006335 0.12495547
0.29216057 0.07192381 0.06350036 0.06722354 0.082360625 0.087753244 0.09030483 0.084556594
0.36683628 0.025176115 0.024921415 0.016984135 0.010112219 0.015990969 0.03463216 0.045938928
0.50703186 0.029720329 0.020579813 0.022565812 0.016665757 0.02534154 0.07235819 0.024292596
0.42590785 0.025517799 0.019191517 0.012999272 0.013599034 0.01590041 0.025197528 0.06685883
0.33707806 0.06110894 0.039781608 0.043773063 0.060082022 0.059765138 0.09244636 0.08056854
0.3163544 0.021045992 0.019287879 0.01729508 0.017655784 0.030128388 0.073959395 0.04228913
0.420878 0.027502833 0.009675348 0.010884706 0.01201033 0.022138875 0.044529594 0.03508804
0.41862562 0.021549307 0.037813522 0.030140566 0.034170475 0.024768017 0.057841033 0.046394944
0.5838227 0.011326365 0.017210126 0.031331774 0.030251635 0.038323756 0.05029298 0.08210616
0.38269728 0.01412271 0.0080649555 0.0072448663 0.0034190454 0.010357145 0.09537691 0.029485073
0.44514075 0.033283923 0.017990116 0.016231464 0.016954623 0.017894108 0.09213592 0.043312706
0.6108015 0.03994815 0.023233078 0.019539813 0.026218519 0.01862103 0.052499972 0.04376011
0.6802349 0.02248328 0.0043210983 0.008019799 0.0050700214 0.010630054 0.06866416 0.067298114
0.4701479 0.020334996 0.023705343 0.016806656 0.015340768 0.025143787 0.044033974 0.033814497
0.7277202 0.057781022 0.071502 0.06005134 0.0690176 0.08025502 0.15977901 0.07685455
0.80268836 0.08091338 0.060451843 0.07205348 0.0673181 0.07642034 0.13341504 0.13369839
0.73884636 0.016625753 0.012665961 0.006707385 0.010788517 0.027649466 0.07271394 0.07546568
0.48378846 0.025448577 0.008932348 0.01390418 0.030300215 0.025076238 0.04470819 0.043566804
0.56632626 0.023711441 0.035115596 0.016549591 0.046675574 0.049233664 0.053862784 0.084680505
0.49425742 0.080432124 0.0866712 0.079473555 0.063542195 0.07457665 0.1190058 0.14500563
0.39541665 0.013118116 0.025468428 0.020043047 0.00864549 0.026677687 0.08548247 0.07058455
0.92372876 0.05353541 0.05745317 0.052876372 0.06573175 0.060331002 0.07584508 0.10701288
0.8796039 0.03762552 0.012953586 0.015052978 0.024690395 0.027928624 0.08663219 0.050000735
0.9036794 0.01666781 0.008810176 0.0068255533 0.011753254 0.012167374 0.05237761 0.0714371
0.82560885 0.027636565 0.0132955555 0.019409603 0.009911139 0.031303618 0.049646404 0.05184897
0.87157875 0.021117609 0.0119330045 0.017559718 0.014836678 0.017597135 0.07965997 0.055332083
0.8449507 0.008945644 0.020701705 0.018816791 0.008938635 0.017216632 0.07490666 0.07049163
0.6405705 0.018167535 0.019026935 0.035615213 0.015799481 0.016741754 0.07615683 0.08400875
0.56016594 0.021396646 0.017334715 0.014515616 0.014465669 0.030790133 0.078741446 0.043639604
0.4649028 0.012035565 0.0064778645 0.011550842 0.014701478 0.014577122 0.04752945 0.023104116
0.5790606 0.04389281 0.04922203 0.04777532 0.039256398 0.038518578 0.11233062 0.05755572
0.74955827 0.025055232 0.023099797 0.0089006275 0.023700334 0.013310127 0.06757177 0.037719417
0.6256428 0.035232544 0.014296938 0.024391202 0.028539952 0.03211011 0.10045254 0.03966457
0.43869308 0.017988577 0.010936059 0.01854915 0.027503857 0.034995876 0.040074162 0.03322093
0.53316593 0.10476286 0.075950235 0.09350019 0.079670906 0.09847915 0.13563937 0.10612828
0.5168428 0.064710006 0.06597838 0.06573734 0.07574499 0.067680046 0.15745446 0.07346962
0.6090057 0.0060046613 0.007091034 0.004277494 0.0074393637 0.026725732 0.0495734 0.022703717
0.8287852 0.017302712 0.018351493 0.010625286 0.035816915 0.04913834 0.09167628 0.030169234
0.42232585 0.044172753 0.027281402 0.012896692 0.024969615 0.036013093 0.09557413 0.030863687
0.6957486 0.018820813 0.017244576 0.016637215 0.014245453 0.016541142 0.09404962 0.07696481
0.6242341 0.023162195 0.019091723 0.019833917 0.024347141 0.018636249 0.08236595 0.059999943
0.2972865 0.019291375 0.03143755 0.017930623 0.015504527 0.017815359 0.062449414 0.037349958
0.45622507 0.013208475 0.007383069 0.010360694 0.012670948 0.013718571 0.068398625 0.018524108
0.39251232 0.013148278 0.02489283 0.00744397 0.0061782096 0.0058172494 0.10393899 0.049732372
0.5085565 0.011369595 0.007837234 0.007855643 0.005075291 0.008627173 0.07244854 0.013979128
0.62640625 0.036054995 0.021978384 0.019277407 0.020115076 0.025247123 0.1357742 0.059649166
0.4877108 0.021803586 0.008510103 0.02204836 0.0071759913 0.01919902 0.085120976 0.052519184
0.6662662 0.019598795 0.011655746 0.010043738 0.019611603 0.01923064 0.036420796 0.038903445
0.7021713 0.005567841 0.0077447277 0.0114532225 0.01430078 0.016876508 0.06817612 0.04215043
0.3930928 0.007318422 0.0066428613 0.008886373 0.014271634 0.040047362 0.06582327 0.03128194
0.6244092 0.039259043 0.025950802 0.025811944 0.024819484 0.04250782 0.06565121 0.060768582
0.88218296 0.00767475 0.008633852 0.00632398 0.0066475533 0.010461869 0.1258975 0.060544174
0.54364145 0.012215741 0.0047327913 0.0074758865 0.008684322 0.013282545 0.059851855 0.031672455
0.6180947 0.017958911 0.018887294 0.014223019 0.011526957 0.01884457 0.05381029 0.03944591
0.40326554 0.005536996 0.02202066 0.01602181 0.009907763 0.030253395 0.077082306 0.06399529
0.75495 0.01781612 0.023263773 0.0197276 0.017399471 0.026263665 0.10092721 0.037436724
0.82465667 0.009171717 0.04026338 0.003982242 0.0029947385 0.006431073 0.08544904 0.054458518
0.57038134 0.014195573 0.013182944 0.012843853 0.008152988 0.02120061 0.10055864 0.06201409
1.0395383 0.072652966 0.021455273 0.05763246 0.0495909 0.04428188 0.28352877 0.11129526
0.58332086 0.0051267445 0.0032543242 0.005689867 0.0042515993 0.009612542 0.036339995 0.033053756
0.40026677 0.031500686 0.017689766 0.028448746 0.01689197 0.021165319 0.08290349 0.044944786
0.29772863 0.05260309 0.01773417 0.045097165 0.01961866 0.027780388 0.07711324 0.08023031
0.27818158 0.014342414 0.02915076 0.005664248 0.009669565 0.016824488 0.04781517 0.012490945
0.48879665 0.0054822415 0.0031696614 0.003290059 0.0034701172 0.0067880396 0.051771175 0.012888303
0.73325264 0.033762123 0.020307459 0.013783786 0.039202288 0.038025573 0.100194916 0.053603306
0.9840911 0.016723104 0.028565206 0.011420228 0.019924382 0.023626702 0.09050216 0.045031816
0.5057326 0.025619252 0.020863203 0.018571416 0.04729165 0.038317498 0.086092286 0.07908997
0.6784625 0.06601078 0.03673002 0.04886663 0.058572143 0.0536837 0.10197226 0.053386554
0.57549316 0.018779678 0.0075911377 0.009414125 0.0056710877 0.007111799 0.036941245 0.023733143
0.85677093 0.00872834 0.010752153 0.010922749 0.008271169 0.01358759 0.05374133 0.027776992
0.7992551 0.017096935 0.032237157 0.028850961 0.01915872 0.033204455 0.05781791 0.052449975
0.5355468 0.052686226 0.04536368 0.050070588 0.03678752 0.054857146 0.090841204 0.031737864
0.59215 0.008231547 0.009705007 0.01144808 0.008770004 0.018430056 0.07851449 0.036862448
0.82623595 0.030104592 0.013581548 0.011475148 0.013484044 0.022853728 0.1341834 0.07696148
0.4210156 0.02579505 0.022590302 0.013553506 0.022749 0.021915736 0.07987878 0.04530224
0.3775839 0.015615564 0.019339582 0.011343265 0.027176337 0.011058925 0.045714464 0.0498508
0.5135646 0.011881286 0.007526027 0.009196788 0.012444012 0.010162218 0.067895725 0.033708468
0.81034833 0.012779603 0.0052464604 0.0062040016 0.008371796 0.01111597 0.0924796 0.034404326
0.57836914 0.008684089 0.013924867 0.0058808196 0.0074909385 0.020465177 0.0960525 0.03482197
0.5488391 0.009073874 0.016910369 0.010276478 0.018564727 0.043487754 0.07839441 0.02995553
1.0827187 0.023571985 0.03601629 0.031421565 0.03850702 0.039389048 0.060417403 0.07490912
1.0451822 0.0129195675 0.00589798 0.010341197 0.007456679 0.010274893 0.10001595 0.04871123
0.8918351 0.018990315 0.010743273 0.013944261 0.026265068 0.014414994 0.0747428 0.019466102
0.7103755 0.03997401 0.02480854 0.023085315 0.018945837 0.018189752 0.176428 0.076062754
0.6913803 0.020545023 0.018558169 0.009124998 0.03474145 0.05607977 0.076988414 0.05129105
0.4879755 0.014390621 0.017693024 0.0077065825 0.02888975 0.028436236 0.053655706 0.07537604
0.6414461 0.016558185 0.019804517 0.009961076 0.011365287 0.010397114 0.0984846 0.036132548
0.76863813 0.012896368 0.028770193 0.011818385 0.019963494 0.024831526 0.084141426 0.03528503
0.5971833 0.014397141 0.0259073 0.010145897 0.01700374 0.009388123 0.052850574 0.038606808
0.6292846 0.019649843 0.028786099 0.024529796 0.01233232 0.032571603 0.066374965 0.03625268
0.92869943 0.029746741 0.012179123 0.007111974 0.021329146 0.022755034 0.08710289 0.08423106
0.8920278 0.006485136 0.01091098 0.0067524873 0.0041678473 0.019918472 0.051127963 0.013465896
0.6758038 0.050238077 0.03805957 0.05648245 0.028048918 0.054551538 0.12690917 0.042927742
0.6051089 0.026884835 0.015184484 0.021419639 0.018676236 0.029283885 0.10882065 0.022661561
0.7278676 0.037428387 0.026165236 0.032936364 0.023793444 0.035461362 0.14726536 0.041246336
0.6521933 0.0073897056 0.021717045 0.012159683 0.010265723 0.029869696 0.06567174 0.04950369
0.5054038 0.00971587 0.007352026 0.0117686 0.013524087 0.01607712 0.038484175 0.031092307
0.591772 0.003678767 0.021747421 0.0036772415 0.0046089776 0.017663067 0.10540789 0.022573445
0.7067675 0.010003533 0.008241594 0.025861122 0.007847389 0.021241652 0.059927627 0.029482018
0.53251374 0.024791876 0.028261207 0.028618747 0.024336198 0.043397 0.09298654 0.054228984
0.55801696 0.017302534 0.011558071 0.010291204 0.018396672 0.023625523 0.11448507 0.051540438
0.8943646 0.033573784 0.060830094 0.04890944 0.02128375 0.06407563 0.19869573 0.11242144
0.46601325 0.006545093 0.010746071 0.006253775 0.0069001913 0.02325457 0.05356715 0.024158532
0.60851383 0.048845217 0.06051239 0.03462019 0.047381114 0.08026986 0.17079946 0.07675129
0.644508 0.020976577 0.004939802 0.017445816 0.009187413 0.015710516 0.0822916 0.037203286
0.8533552 0.006198976 0.006994996 0.00902758 0.0035229921 0.010050986 0.042784255 0.024703536
0.53077734 0.021093154 0.016798964 0.011382667 0.010386221 0.018333051 0.07619994 0.024201646
0.42777994 0.0039600655 0.0050951093 0.004399985 0.005176693 0.015283359 0.09409507 0.04182732
0.76700246 0.009072654 0.010302894 0.009895487 0.007807955 0.016297832 0.0693438 0.023870276
0.81912595 0.025846869 0.019971194 0.024098974 0.018901043 0.014032789 0.046132077 0.039976425
0.6647227 0.03331217 0.035676774 0.027489867 0.031375986 0.043384165 0.0956008 0.06451432
0.6905915 0.034159523 0.028519183 0.028580146 0.031782545 0.059991337 0.037201893 0.08721297
0.893677 0.0037522987 0.014335405 0.0052037835 0.0032555796 0.011695866 0.06902173 0.019615404
0.4108155 0.0063290484 0.005183786 0.006866837 0.004777409 0.012149908 0.051570877 0.021065636
0.7585987 0.012518987 0.015197005 0.013873652 0.009428151 0.033557795 0.050994486 0.018916203
0.9313204 0.009543691 0.010083113 0.004712846 0.014846854 0.036986414 0.13745889 0.123434365
0.7549891 0.024432447 0.0065982193 0.029132836 0.014253022 0.033417076 0.09445456 0.051811274
0.7291826 0.012384875 0.009781698 0.015783263 0.012128489 0.029772786 0.06256226 0.024114382
1.1773512 0.014332857 0.029456142 0.015632056 0.019064285 0.060555354 0.0633059 0.042216346
0.6840168 0.005779244 0.008412311 0.005867794 0.010384172 0.024460398 0.045397412 0.05095319
1.0624782 0.0050886087 0.0048828125 0.0033989213 0.0022659935 0.032544725 0.05734058 0.01553995
0.9739369 0.01655202 0.018205447 0.020695752 0.014707275 0.04122176 0.07057299 0.028494567
1.029618 0.004057415 0.0051702857 0.0060108714 0.005272649 0.021064514 0.077654846 0.020784024
0.6035361 0.0034155287 0.010312848 0.0075702257 0.00511094 0.011998603 0.048117362 0.021584468
0.65562916 0.0107236095 0.0209942 0.013185458 0.015032118 0.047857963 0.061242156 0.047838666
1.1357045 0.012938837 0.026754519 0.013381498 0.015816208 0.064159065 0.074716076 0.046585005
0.6902046 0.019557452 0.015804043 0.011857964 0.011633275 0.018103985 0.07724586 0.028789965
1.1081952 0.010222726 0.060025334 0.009838512 0.009074844 0.055934485 0.075989656 0.03311489
1.1586695 0.012728948 0.017015962 0.040558536 0.0039855577 0.062662154 0.19416505 0.06516098
0.89021647 0.014795596 0.002193544 0.015519433 0.008543516 0.02263731 0.083265044 0.060349964
0.59740406 0.020643717 0.010218065 0.020351207 0.019492805 0.031282175 0.084322296 0.08646852
1.0771041 0.010698838 0.0107088275 0.0055461153 0.01498819 0.017699052 0.06987931 0.026381591
0.9064991 0.004924327 0.0058849547 0.005686581 0.0073669925 0.013885159 0.055051092 0.018808778
0.34723178 0.019382814 0.014083747 0.012345329 0.015919829 0.036147848 0.05003519 0.01582694
1.2621332 0.009641873 0.016309066 0.009347936 0.011491923 0.013591686 0.039298423 0.026568813
1.0185573 0.0068241805 0.016242066 0.02524754 0.006469043 0.033452097 0.051499765 0.026413117
0.563811 0.03829879 0.03193436 0.025295133 0.04483596 0.0478609 0.12383084 0.10896346
0.650505 0.022970248 0.0101168975 0.014360039 0.018841209 0.024712138 0.13443628 0.11085256
1.2163303 0.039496996 0.010101931 0.006465096 0.006296076 0.0327951 0.11973396 0.039644442
0.9353084 0.0060937107 0.01029633 0.0033567771 0.027003478 0.02833245 0.08495925 0.029767543
0.71396327 0.008436518 0.012183782 0.0058030803 0.011851344 0.014310431 0.070703454 0.012752309
1.00044 0.045368023 0.008427776 0.011276327 0.017940136 0.022215907 0.09863742 0.051335793
0.8274738 0.014629701 0.011386171 0.0101882 0.013171617 0.024126854 0.06364777 0.05355736
0.7636125 0.014410172 0.011200154 0.015346073 0.008328786 0.033168696 0.07515623 0.017173922
1.2707624 0.013840664 0.0110496245 0.015979242 0.00686069 0.025693633 0.08572662 0.020265613
1.0534588 0.040898547 0.0073623247 0.03298535 0.009486124 0.045261275 0.050033268 0.02047885
1.0624042 0.037873108 0.024859454 0.017265063 0.011695176 0.05228116 0.07820745 0.03574849
0.2828834 0.0054719113 0.0069241896 0.005140826 0.00930219 0.010508338 0.028298736 0.014187016
0.8689948 0.0069090202 0.009113144 0.003075052 0.0039448813 0.01416314 0.13898677 0.04067887
0.7186154 0.0067696422 0.007058328 0.0069876574 0.0050521083 0.014255185 0.09562129 0.045000233
0.86998135 0.030909227 0.033276748 0.03244203 0.02973464 0.037400883 0.080194406 0.04515014
0.8717482 0.0534382 0.057374887 0.030116221 0.040828563 0.042768754 0.17715505 0.091476634
0.79515576 0.0023346841 0.0037178136 0.01057405 0.008229133 0.017411586 0.07354236 0.04335496
0.28264868 0.012116056 0.0087832045 0.025466481 0.017072981 0.025305491 0.035734195 0.04058541
0.60332537 0.02887155 0.030995168 0.006213598 0.02248669 0.035788603 0.09298191 0.061808534
0.64742064 0.0065602213 0.008961078 0.014348503 0.011173438 0.014921917 0.035023473 0.03503181
1.0066297 0.022187361 0.035440978 0.04443837 0.009687033 0.06355574 0.07590023 0.091332614
0.649961 0.0050107036 0.0032839961 0.004857296 0.002059538 0.0377477 0.05735601 0.04101482
0.5839641 0.005470909 0.017022701 0.005640909 0.00356571 0.031291716 0.08817476 0.017773032
0.6478379 0.019062528 0.02667044 0.030178687 0.02258618 0.06178125 0.11778997 0.042025328
0.5847316 0.0032067597 0.0012693442 0.0043967143 0.0024863593 0.012604445 0.04075801 0.022053361
0.831699 0.016260043 0.013233017 0.009405408 0.015218759 0.0135069415 0.046441387 0.016877785
0.48838088 0.0052684285 0.011029718 0.0070511326 0.009972494 0.015864737 0.017470557 0.04441977
0.5756279 0.008233916 0.020774469 0.0076727364 0.009184772 0.037526727 0.040856924 0.021036223
0.55877006 0.0027350858 0.011259196 0.0036245026 0.006114349 0.018957946 0.06974567 0.025341172
0.6771101 0.013236348 0.016221412 0.009777227 0.010901967 0.026261624 0.071011744 0.03959356
0.76221746 0.011134371 0.011435844 0.007943112 0.009291781 0.022652632 0.08009216 0.15241012
1.0746185 0.012560109 0.011998577 0.0029163957 0.00838168 0.056204535 0.14217645 0.05023243
0.58030045 0.010473495 0.009977862 0.006223999 0.0065541305 0.018554416 0.04889961 0.03224368
0.9315596 0.03161282 0.017687038 0.040685594 0.018506015 0.07579885 0.16534121 0.13201062
0.89452565 0.025017453 0.016003896 0.014186166 0.021682434 0.077400774 0.057423767 0.05629677
0.77321523 0.03227569 0.027463166 0.01659989 0.013419537 0.03890078 0.09941127 0.030717095
0.4020225 0.010073848 0.0047481284 0.0035185665 0.003248047 0.015066281 0.038483787 0.01663395
1.2657506 0.017861137 0.047116928 0.015893746 0.038891558 0.04981152 0.05749496 0.079447046
0.39752805 0.017176652 0.0047243107 0.01322644 0.014493631 0.020206695 0.05507648 0.038200192
0.6397715 0.009687122 0.016149614 0.015819704 0.010431321 0.027303306 0.03540458 0.051269308
0.69882035 0.0028533973 0.008977957 0.017572012 0.0075848326 0.037698753 0.065635495 0.08484386
0.630038 0.0019945651 0.0031765997 0.0027974583 0.0026194192 0.011855435 0.034683436 0.025864195
0.5757678 0.024916323 0.0074759796 0.0052999295 0.0059891716 0.010024872 0.050553076 0.023154847
0.8085645 0.040710825 0.010710094 0.00767193 0.010759745 0.02354586 0.058794405 0.02911367
0.56659395 0.014193727 0.013593679 0.028284097 0.012589712 0.027908904 0.055152 0.044729933
0.45346734 0.012280002 0.020234961 0.011789378 0.0118860975 0.025117349 0.052272663 0.021041222
0.6198561 0.015521027 0.015635224 0.014561931 0.009084687 0.03274284 0.047256954 0.041597843
0.8144031 0.006779326 0.0059200637 0.023036394 0.0062385313 0.067150876 0.06285919 0.0405087
0.80878013 0.014429081 0.005399257 0.0034445077 0.0057966076 0.01676429 0.06406747 0.028453127
1.4130173 0.017613025 0.023577506 0.012421429 0.028171252 0.054692294 0.08574676 0.08108271
0.48720902 0.010056077 0.009512024 0.011018828 0.0068716556 0.018450398 0.07151058 0.026883652
0.81973904 0.032674253 0.018432181 0.024671968 0.0102323 0.033457134 0.16419294 0.06459491
0.8177016 0.010170411 0.015699454 0.016817752 0.022231486 0.017933644 0.12015712 0.031136876
0.87238145 0.009181103 0.00546694 0.027216524 0.012270978 0.016085152 0.044242363 0.036535602
1.2458745 0.016573414 0.010484146 0.02461475 0.022222131 0.06111166 0.17037635 0.11633775
0.85251456 0.004176751 0.004700074 0.011167999 0.0066153817 0.02015081 0.0841368 0.09517424
0.59782207 0.022639897 0.02513848 0.01113404 0.016809177 0.023162186 0.071072094 0.033619225
0.43472058 0.004289925 0.00539317 0.0038486645 0.0050055087 0.030631553 0.018681228 0.011969941
0.70094234 0.009637706 0.008469559 0.007336883 0.0056942217 0.039228417 0.076447725 0.023215353
1.0154247 0.0018922053 0.004224375 0.0036727004 0.0017972663 0.05981298 0.074458644 0.09144071
0.78122413 0.020644937 0.05207957 0.012395721 0.024714023 0.025969569 0.083897464 0.062512495
0.6993404 0.0012747906 0.0053868257 0.025997419 0.002616454 0.01723452 0.025736835 0.03453062
0.67699224 0.005701091 0.012037352 0.0038080737 0.004055649 0.025137454 0.06160539 0.02226996
0.8978359 0.007329857 0.010252515 0.0021608397 0.011303825 0.0078750625 0.10359766 0.019084666
0.8313192 0.007752275 0.008434266 0.009409282 0.00912532 0.019047704 0.16821158 0.073170856
0.82196647 0.004712548 0.0029787794 0.0052026026 0.003019452 0.037961148 0.059539672 0.053867936
0.712163 0.007860554 0.0043536834 0.0072218794 0.011801217 0.02465987 0.0830847 0.04572584
0.92212456 0.012709025 0.03851833 0.022382528 0.020537965 0.09946932 0.07074727 0.09870578
0.57402414 0.004785534 0.012233058 0.007265698 0.012037652 0.050870717 0.06750171 0.02794791
0.62981755 0.023083983 0.024505278 0.019861758 0.022141753 0.012148304 0.06765618 0.04495406
0.7940904 0.043609675 0.01468786 0.026741667 0.020289198 0.05207941 0.12280907 0.071155824
0.71572465 0.012924239 0.015703991 0.018706333 0.022665644 0.026063513 0.041969366 0.044492673
0.9285796 0.0073301382 0.011156384 0.013639674 0.004929375 0.010486491 0.05310885 0.03308678
0.2651 0.035263103 0.014791518 0.023899056 0.04061848 0.02332088 0.09192025 0.038301196
0.3780004 0.005434489 0.008534204 0.002795186 0.011189165 0.012207564 0.026831336 0.015279252
0.5729967 0.0071368236 0.03722713 0.013048196 0.007893622 0.058054753 0.036795754 0.04094203
0.52520704 0.013567243 0.0155478325 0.019162914 0.011220533 0.05138713 0.06866153 0.040877197
0.6011168 0.009016328 0.0128731 0.014215749 0.018911233 0.034656834 0.07006456 0.035478614
0.6188029 0.009962494 0.0046774223 0.008190701 0.013464155 0.019020386 0.067400925 0.025524477
0.22904533 0.03575323 0.03908894 0.038913418 0.050433517 0.067680426 0.05780299 0.050132025
0.36134517 0.0041188784 0.0034629963 0.00879229 0.0041971914 0.011563621 0.03176534 0.010336526
0.4877998 0.005918449 0.0019739643 0.008901183 0.010093281 0.009078577 0.030901935 0.0052101426
0.37224057 0.0141652655 0.00926064 0.019525522 0.010366112 0.014569445 0.13448918 0.032388367
0.68127507 0.005522549 0.018313378 0.002863422 0.017787814 0.015508786 0.052468985 0.033475477
1.0991074 0.013857491 0.016735934 0.008781409 0.02444938 0.033383396 0.05900723 0.038847487
0.73849654 0.0064449646 0.009575773 0.009519193 0.007891681 0.06449513 0.18651153 0.04341428
1.1634607 0.032979723 0.026554003 0.03833603 0.033379544 0.047074597 0.12722404 0.053546064
0.93529016 0.008186271 0.0137377065 0.010914668 0.029968474 0.027806994 0.06764035 0.042949162
0.2937964 0.004331272 0.006027069 0.009750765 0.004326746 0.01970866 0.041310225 0.016269438
0.68327785 0.016711777 0.020369217 0.012094898 0.02371807 0.023102494 0.1089547 0.049070556
0.943295 0.007951496 0.03496754 0.0046041384 0.010451425 0.03506537 0.04314045 0.023854963
0.59168345 0.060876444 0.02817128 0.013806758 0.017049981 0.056790806 0.11648375 0.0445531
0.3639166 0.001851283 0.0030139424 0.0029651746 0.002135653 0.013273548 0.030153055 0.010013089
0.42605615 0.017944515 0.027899329 0.023957903 0.015903523 0.051697515 0.04468932 0.02949702
0.53949845 0.035539664 0.01006755 0.019686844 0.016482573 0.049031317 0.06887333 0.041091163
0.740464 0.008693386 0.014349127 0.005442694 0.022237448 0.030546132 0.09556672 0.029034216
0.594727 0.024230583 0.028780479 0.017345887 0.019313904 0.06146273 0.058509033 0.043813035
0.3373598 0.01556501 0.01469456 0.021877889 0.020362008 0.033694915 0.040080793 0.045653183
0.5040587 0.019719336 0.012216734 0.023451913 0.020282565 0.04189253 0.076627925 0.023131393
0.41404906 0.009443495 0.018104713 0.0057596304 0.010655444 0.05179863 0.08495511 0.02137771
0.8621119 0.0074625164 0.0032133758 0.0035660453 0.0116849765 0.02702031 0.036146637 0.027162947
0.2967692 0.021219121 0.018568324 0.021616053 0.021075651 0.013741722 0.054010812 0.014701564
0.4756641 0.008043619 0.0035721995 0.0038013868 0.0037225615 0.017385107 0.02800709 0.030048063
0.5615333 0.012167579 0.011212589 0.015261948 0.009468731 0.03519646 0.06744299 0.047228005
0.2780399 0.005953934 0.0026357677 0.010747284 0.004853325 0.0066549517 0.037728682 0.011466259
0.8952811 0.00827099 0.014283333 0.0063307323 0.013540441 0.021679757 0.03770592 0.035857566
0.8883623 0.021112554 0.0077974033 0.008093711 0.0076375213 0.018035045 0.05515473 0.025684472
0.42760348 0.07533021 0.07873998 0.07978828 0.0784085 0.09169066 0.10667028 0.08949743
0.95204616 0.004103726 0.0060065407 0.0035190918 0.0030042902 0.020506011 0.040782727 0.012738135
0.2935221 0.010745188 0.006401157 0.005301617 0.012674715 0.010627678 0.029650046 0.010122385
0.18372068 0.009440783 0.0279239 0.0051971152 0.009569831 0.022189299 0.022008613 0.012352321
0.33232188 0.004456289 0.008365538 0.010473665 0.0065101236 0.017474553 0.021458592 0.013964353
1.3233678 0.006402217 0.020992683 0.0075370483 0.011636376 0.028405607 0.09003054 0.10460301
0.2849393 0.004034683 0.0051033907 0.0031562708 0.007257849 0.018636286 0.018223595 0.010688476
0.21347837 0.0079104435 0.0033121891 0.0033601671 0.005281944 0.009624746 0.023644276 0.008393925
0.9045218 0.019035751 0.0051839985 0.007242635 0.016066346 0.010379668 0.052595157 0.04364428
0.32692868 0.015508426 0.00677504 0.010150633 0.011131774 0.011829311 0.032651223 0.014572078
0.28872025 0.004721038 0.0075198784 0.008089278 0.0047725756 0.027715731 0.024323035 0.015200306
0.6006256 0.009292748 0.0079531185 0.010881422 0.009899966 0.03540221 0.07306041 0.040272903
0.88212824 0.0034220926 0.0057985205 0.0070444588 0.0029218383 0.016782928 0.028342478 0.021356743
1.384523 0.006680822 0.012676224 0.010663083 0.017125342 0.013947297 0.045180622 0.044310994
0.27370661 0.0050308555 0.010031413 0.0045805275 0.008211454 0.021544822 0.019073762 0.006985761
0.5772952 0.0051435716 0.008418739 0.007846229 0.0085128695 0.020811506 0.05518243 0.041066546
0.97373724 0.016690448 0.0054934993 0.012000373 0.009665558 0.029865703 0.06560581 0.027746588
0.48609954 0.008277452 0.021586277 0.007082958 0.014192445 0.025741918 0.053625774 0.03185909
0.17607425 0.011758069 0.008526664 0.011228843 0.008204015 0.015402835 0.02674387 0.009696953
0.09533785 0.0048767217 0.0045292154 0.0018132702 0.0057639442 0.0063302107 0.018579364 0.0073870234
0.2696619 0.0080413055 0.027016606 0.009200901 0.009390425 0.025996264 0.052681435 0.021398012
0.1345182 0.009474454 0.022813065 0.010575898 0.023140363 0.025356065 0.034530476 0.05087718
0.7930061 0.06295114 0.0065283086 0.011967888 0.007892856 0.007844459 0.088119 0.032594707
0.38567835 0.015091065 0.009901583 0.023078717 0.020909261 0.04104085 0.058523756 0.030610248
0.49259976 0.012238184 0.024463221 0.0040665716 0.01592964 0.036320042 0.054887287 0.021486914
0.32524288 0.009550108 0.005350057 0.007719662 0.011139747 0.013976932 0.026758125 0.008653112
0.48713613 0.012797583 0.0152261555 0.007138608 0.006955603 0.022743989 0.058687944 0.017229594
0.26043043 0.02373078 0.022187317 0.015599923 0.023634093 0.030728038 0.036350787 0.03615155
0.8249841 0.0159756 0.013812849 0.0033554323 0.015060924 0.012942757 0.15329775 0.011722811
0.3488968 0.021513365 0.006518729 0.012600895 0.055057026 0.019086413 0.030391844 0.014090035
0.5003594 0.0021261312 0.0074751005 0.0034965798 0.010518644 0.012176741 0.050443597 0.03661105
0.28477746 0.027422586 0.010895232 0.017041782 0.025009874 0.020347385 0.05430247 0.036500793
0.3452588 0.003669396 0.009371353 0.0072189365 0.004954584 0.01417087 0.04550632 0.021563586
0.72620106 0.020561256 0.016294923 0.007923787 0.013324657 0.12698133 0.43126997 0.11247515
0.49968752 0.03713627 0.0033129454 0.009506803 0.008715928 0.041477032 0.14114386 0.026997432
0.48292845 0.004332155 0.004341636 0.007428568 0.0026507005 0.013224717 0.033035748 0.022432677
0.37728232 0.005345909 0.015747353 0.0068980213 0.01544356 0.018698454 0.04401727 0.022370405
0.53880286 0.01899314 0.033526152 0.0113531705 0.014996514 0.034069575 0.06921955 0.06802237
0.3654787 0.009226214 0.010687221 0.021732867 0.01192072 0.03905852 0.036713056 0.04828634
0.7065787 0.008754514 0.011662625 0.0048916303 0.007370854 0.020134114 0.07366084 0.013146654
0.400471 0.007654665 0.0062690508 0.01736899 0.006084893 0.019166991 0.03850715 0.02029407
0.18476051 0.012958968 0.019678814 0.007994762 0.008436512 0.022979937 0.02127229 0.026718814
0.3335333 0.032920685 0.00973987 0.005525911 0.005722996 0.023599623 0.044381294 0.01871684
0.18734705 0.010667993 0.004423693 0.011298746 0.012733988 0.014566317 0.027152123 0.028479984
0.3189892 0.013958405 0.005185472 0.0022537187 0.0034094509 0.012438979 0.027693827 0.011633037
0.23911762 0.0054446347 0.009115389 0.0144292 0.008039737 0.026276711 0.019004907 0.012371121
0.7895858 0.005016364 0.0013472289 0.003696531 0.004453089 0.031723607 0.08171053 0.032683253
0.3371739 0.004825007 0.010372609 0.006734045 0.020733848 0.013359461 0.025472905 0.03042777
0.3554383 0.009949818 0.009670105 0.0066632107 0.0122001115 0.020951468 0.04059222 0.02622058
0.39357695 0.0071885325 0.003718894 0.004090011 0.008079462 0.017191589 0.026656333 0.020799745
0.35277683 0.0048248004 0.006544199 0.005160738 0.0113889035 0.011523154 0.017637331 0.00949898
0.4772348 0.010701548 0.005120339 0.004180439 0.007803077 0.013902921 0.09645434 0.02649441
0.31309962 0.0055474155 0.005963091 0.0026879124 0.0034978539 0.021014825 0.022495978 0.018655915
0.3880878 0.031625174 0.047222406 0.02186975 0.02491619 0.026150048 0.040913217 0.041340183
0.20022324 0.0023801215 0.0035482608 0.0024387129 0.001896672 0.0053721964 0.012810908 0.0076248273
0.14261274 0.0068781003 0.0038497783 0.0062843356 0.00612369 0.0043482073 0.013086177 0.013494931
0.16861692 0.0068127755 0.0074333735 0.010533756 0.0038479865 0.009763185 0.026048811 0.026719477
0.18950814 0.052134246 0.03443506 0.047856692 0.033300612 0.04522248 0.07087299 0.04585424
0.2457583 0.005711293 0.01304701 0.004643332 0.009598719 0.0044699907 0.041195568 0.017382383
0.23743553 0.010185543 0.0064317435 0.0021946467 0.0045053847 0.014577152 0.021772034 0.014699761
0.25105122 0.017704085 0.005295653 0.007282609 0.012598485 0.007132966 0.029873485 0.01286412
0.16259053 0.0046212226 0.006215764 0.0032094158 0.0044985823 0.0020099208 0.03420392 0.010719135
0.24355522 0.011375725 0.013917694 0.0023171604 0.0043194834 0.0056605004 0.056841616 0.022622699
0.24866559 0.0023057908 0.002615109 0.0014969818 0.0021644086 0.0027890615 0.014199294 0.0064981394
0.26014557 0.006474251 0.005832631 0.0022012629 0.006745767 0.0042470694 0.0278031 0.008383688
0.23931782 0.020440152 0.042722076 0.018575346 0.011621002 0.031157222 0.039243225 0.06440496
0.23560737 0.027871558 0.034211602 0.015968734 0.029488105 0.027009862 0.06518515 0.0446791
0.20754927 0.002623137 0.008320777 0.018034417 0.0064301193 0.010255847 0.056640923 0.011449553
0.20741624 0.019287083 0.016914882 0.011800496 0.015601477 0.013798675 0.0719734 0.043551512
0.21399252 0.005164854 0.004024416 0.009380786 0.005253356 0.0040364824 0.046510737 0.0116341375
0.17242025 0.005785806 0.014791505 0.0020006485 0.0029131826 0.0043732356 0.018073786 0.007666841
0.18659611 0.002164241 0.0045820735 0.0019513331 0.0018947348 0.0053618588 0.016074445 0.0073397756
0.23685119 0.008841652 0.00993425 0.013889832 0.015919292 0.013297427 0.036764614 0.010672547
0.27984217 0.0030046813 0.0051771738 0.0040697157 0.004232563 0.005390726 0.03536026 0.013753142
0.20976564 0.02168161 0.011078769 0.005288599 0.0071351845 0.0076644346 0.04820524 0.027296983
0.24722998 0.01914812 0.021117743 0.03425137 0.032515295 0.039793357 0.0640037 0.05673618
0.2848594 0.006746631 0.015869563 0.021469858 0.009384971 0.030522093 0.07985553 0.08289784
0.12535413 0.053254332 0.026700415 0.036755774 0.04271295 0.018457588 0.084181875 0.039249897
0.26342952 0.0024482682 0.003202334 0.0039396733 0.004607914 0.0062045343 0.025917314 0.0082683265
0.18946613 0.0051090606 0.0031288266 0.0032752678 0.0031128302 0.0070797876 0.025816932 0.011646347
0.18063667 0.0053329878 0.007914163 0.016267236 0.00283942 0.0041224547 0.028228968 0.0069042146
0.1790213 0.005001802 0.0037276037 0.0060225427 0.0030088983 0.004132487 0.039870795 0.006203875
0.16742955 0.0037804805 0.011622166 0.0055301525 0.00579088 0.0070880745 0.027335659 0.008900907
0.23012999 0.03466578 0.02105578 0.021617522 0.022703687 0.020494875 0.08430374 0.038626585
0.21876179 0.012813067 0.02414645 0.013250731 0.021217238 0.017073132 0.05114404 0.02372713
0.24562812 0.0029266924 0.005092878 0.0029479954 0.0039810985 0.0059729517 0.03300044 0.01428533
0.19978264 0.0071899854 0.0070501547 0.007229071 0.0049177427 0.0043278337 0.058052152 0.009533912
0.10013087 0.010165745 0.008305306 0.00607804 0.007387763 0.0062735993 0.019258097 0.017515747
0.27299663 0.00530247 0.0030889697 0.004117679 0.0046241395 0.010569226 0.030354746 0.013638984
0.25831366 0.0045181215 0.0039764047 0.005037874 0.00319447 0.007231284 0.037328757 0.020519733
0.26227456 0.0057474934 0.007932402 0.004901521 0.007565679 0.0067016315 0.042684793 0.02430374
0.21646985 0.0025565699 0.020348046 0.017187955 0.0061750617 0.007967129 0.05855597 0.019789897
0.22003268 0.02740134 0.022158757 0.030951573 0.02515718 0.026663665 0.027240194 0.023180252
0.10279004 0.0031884536 0.0021795928 0.0029780902 0.0034420192 0.0031316057 0.011132196 0.0065617524
0.17446049 0.0057545453 0.0030094497 0.0068056546 0.021560194 0.0053312723 0.019667685 0.007975098
0.16400507 0.0031918865 0.008176349 0.007898089 0.0031732805 0.0062699188 0.018152578 0.013904806
0.17689426 0.00834436 0.007750988 0.004631728 0.006402787 0.0054072402 0.030126054 0.009312432
0.15054418 0.0036463924 0.0057139676 0.010830928 0.010476312 0.0069729835 0.024860218 0.0069158785
0.20702103 0.0043258965 0.007851424 0.014467223 0.008458909 0.0068356805 0.025135394 0.015527435
0.13743617 0.012122683 0.012194615 0.011270791 0.015552754 0.013436638 0.028731134 0.019156462
0.0958759 0.005430896 0.0030081049 0.004606772 0.0053918473 0.0053693913 0.014662903 0.013999414
0.15399376 0.006816989 0.0057536196 0.0072804075 0.008293524 0.010913974 0.022514924 0.017559394
0.26206428 0.01939936 0.021705884 0.01938144 0.019636057 0.017977808 0.05314717 0.030582977
0.18365578 0.0023260787 0.0036173463 0.0040940456 0.002824854 0.0027423836 0.023069903 0.0054006428
0.2534068 0.0028824508 0.0057195034 0.0024738684 0.006893333 0.0035632849 0.053173497 0.0059799775
0.20636077 0.009925179 0.0053222775 0.008459773 0.006222481 0.0023177043 0.034193665 0.0127503
0.32344237 0.005113244 0.009583646 0.008529751 0.008939847 0.014489939 0.06502209 0.020645881
0.33309612 0.022606978 0.016244436 0.016862234 0.025759265 0.03614076 0.043341406 0.03424566
0.190056 0.011322718 0.012229966 0.005349934 0.011185955 0.0063774735 0.02617615 0.013288176
0.21967852 0.0070543457 0.003469903 0.0104874 0.012206983 0.0027656667 0.046375114 0.018352296
0.24377896 0.0031711645 0.005192701 0.0027570277 0.005068347 0.0032696128 0.01791475 0.007509183
0.10820155 0.010068301 0.0066026896 0.020997088 0.009569777 0.028890627 0.038286094 0.012373721
0.17497572 0.008502714 0.007011149 0.014813783 0.019959483 0.008374961 0.03655234 0.015139453
0.13992617 0.012347188 0.011437258 0.01002478 0.009674303 0.011096114 0.025574578 0.020495018
0.1792403 0.005223956 0.0052150264 0.0053749494 0.0061145574 0.003711298 0.022702578 0.014919806
0.28150344 0.0063174516 0.0049871095 0.0048188977 0.010468836 0.0073027294 0.036752343 0.017655035
0.14544342 0.06575455 0.085075304 0.060648784 0.06738669 0.071179315 0.10974628 0.09841813
0.19553699 0.003910985 0.015726995 0.013783993 0.012374235 0.009272397 0.019570842 0.018209187
0.13619423 0.004272584 0.0037564337 0.0041696 0.0036202222 0.008261155 0.02975846 0.009985216
0.14148226 0.008275276 0.007401975 0.009757783 0.010874905 0.01803679 0.043117374 0.014294492
0.12198877 0.006949857 0.010390816 0.010501737 0.0068425573 0.011395611 0.025157057 0.012337334
0.24379493 0.007971421 0.006962493 0.013219936 0.01103675 0.010984417 0.033700995 0.011491885
0.16999067 0.01488368 0.004794415 0.010847485 0.009910412 0.0075928383 0.033814862 0.004775472
0.226533 0.005376838 0.0029314943 0.0030904561 0.00593701 0.002912987 0.032591917 0.014824035
0.16429332 0.011101995 0.03185748 0.016696578 0.01256986 0.016132912 0.058164444 0.03228338
0.17880452 0.00874174 0.004802637 0.008893412 0.006768469 0.0071812756 0.049951803 0.016384657
0.14828297 0.0040316246 0.0040685907 0.0024920404 0.0034333877 0.0035482459 0.04102745 0.0048212595
0.13063228 0.013329884 0.030440498 0.02672656 0.026300428 0.020203406 0.050151255 0.040248927
0.18844317 0.0033845603 0.0035879426 0.00616337 0.00654985 0.010160755 0.040307336 0.0073492154
0.19890529 0.0044193678 0.005032897 0.004598798 0.0055640154 0.005996678 0.03107911 0.010692572
0.15796785 0.0047081895 0.00399537 0.009072689 0.003774453 0.005288005 0.036103535 0.003913194
0.19374692 0.0046798773 0.0049790274 0.0051651783 0.005932849 0.002180528 0.025208093 0.007650383
0.1573431 0.002941154 0.0019648634 0.0034639314 0.002712695 0.0031015016 0.026242025 0.0034202114
0.13813345 0.014977993 0.009335021 0.0037065372 0.0036375783 0.00999899 0.044375286 0.0119565
0.2130375 0.0054951683 0.0062998123 0.0045242123 0.0037495159 0.007990412 0.03334218 0.014276519
0.17064096 0.008031089 0.010390185 0.00510047 0.007984966 0.0067659765 0.02567926 0.021994889
0.21361452 0.032477364 0.044844903 0.028343305 0.039591864 0.035632238 0.08311434 0.060244225
0.18818825 0.013743892 0.0062143505 0.012432277 0.0059605334 0.013985271 0.038942367 0.011650154
0.1692595 0.038329843 0.043055113 0.028698618 0.037813924 0.037459802 0.05122841 0.05344796
0.23368838 0.0077865124 0.0086057875 0.0078079365 0.0125742 0.0088617075 0.04876903 0.006247975
0.16322352 0.0047680773 0.006512951 0.0033495985 0.0037516877 0.008390678 0.027253935 0.012582429
0.14763057 0.0032007154 0.0057013445 0.0038808621 0.004124934 0.004040517 0.018115908 0.005952917
0.21308817 0.005105965 0.002143778 0.0015034042 0.0018219389 0.0022208393 0.04520708 0.0072876066
0.21724238 0.011382585 0.010531088 0.015979417 0.016382545 0.013816126 0.045733545 0.029866392
0.179322 0.0039448254 0.005518969 0.004989866 0.0055450834 0.006402934 0.018156234 0.010941368
0.22044067 0.0052954666 0.012108685 0.011777747 0.011109322 0.022305226 0.03321053 0.029914465
0.2614263 0.0068321545 0.012409637 0.0055509657 0.006928336 0.0073847827 0.039001487 0.025819542
0.37792808 0.008939058 0.0072134044 0.01396147 0.009374814 0.0063603036 0.04483254 0.01537331
0.3996017 0.0031578727 0.038424235 0.004879907 0.0028315075 0.0056512505 0.035817042 0.011519067
0.33638772 0.002900498 0.012488706 0.008432498 0.005547082 0.0074625313 0.061243206 0.013545416
0.4183144 0.0031500868 0.027035385 0.0071487 0.0049702413 0.013076855 0.1061099 0.04118488
0.27767295 0.011269109 0.0021765567 0.0057994314 0.0057010986 0.0053942166 0.053090457 0.009480782
0.5405133 0.0043317024 0.0120480005 0.008210979 0.0091716945 0.024382416 0.073936604 0.02479322
0.14714898 0.0017923228 0.00566883 0.0057440475 0.0046262927 0.0025701225 0.021428395 0.0056789666
0.09859315 0.0032089166 0.0059338287 0.007948188 0.0041015483 0.009871123 0.017574873 0.013881858
0.1944119 0.0044933036 0.009329498 0.0033343695 0.0062180795 0.009121861 0.03435953 0.017291911
0.16251339 0.0030836016 0.0071350746 0.0058687255 0.0074940845 0.0029904582 0.052332744 0.011537109
0.30835992 0.0049495064 0.0076273438 0.013324389 0.0038282052 0.007739788 0.08113416 0.008546352
0.200081 0.010011751 0.010209985 0.009739675 0.005853271 0.014053535 0.049228724 0.011053206
0.20881315 0.0019010156 0.0025411285 0.0064095557 0.0047335364 0.002679132 0.023122616 0.02977997
0.16204657 0.00458334 0.0027498826 0.008386865 0.0022078864 0.008362394 0.024825051 0.010879356
0.17095536 0.010681029 0.0068652146 0.007876677 0.008330921 0.0054373834 0.031831026 0.02355168
